!Species Tc [K] Pc [MPa] omega [-] M [g/mol] Vc [m3/mol] Vd
nitrogen 126.20 3.3958 0.0372 28.0130 8.9414e-05 18.5
oxygen 154.58 5.0430 0.0222 31.9990 7.3368e-05 16.3
carbon-monoxide 132.92 3.4990 0.0660 28.0100 9.3100E-05 22.010
carbon-dioxide 304.19 7.3820 0.2280 44.0100 9.4000E-05 28.120
water 647.10 22.064 0.3443 18.0150 5.5948e-05 13.1
ethanol 513.90 6.148 0.6440 46.07 1.669e-04 51.77
H2 33.145  1.2964  -0.2190  2.01590  6.4483e-05  6.12
hydrogen-peroxide 728.00  22.000   0.3600  34.0150  7.3500e-05  16.84
H 190.82  31.013   0.0000  1.00800  1.7069e-05  2.310
HCO 655.37  19.167   0.0000  29.0188  9.1670e-05  24.32
HO2 141.34  4.7860   0.0000  33.0067  8.1926e-05  14.53 
O 105.28  7.0880   0.0000  15.9990  4.1204e-05  6.110
OH 105.28  7.0880   0.0000  17.0070  4.1204e-05  8.420
heptane 540.26 2.736 0.351 100.204 0.000432 148.26 
octane 568.83 2.486 0.396 114.231 0.000492 168.78 
nonane 595.65 2.306 0.438 128.258 0.000548 189.3 
decane 618.45 2.123 0.484 142.285 0.000603 209.82 
undecane 638.76 1.98 0.535 156.312 0.000689 230.34 
dodecane 658.2 1.824 0.573 170.338 0.000727 250.86 
tridecane 675.8 1.723 0.619 184.365 0.00077 271.38 
tetradecane 692.4 1.621 0.662 198.392 0.000843 291.9 
pentadecane 706.8 1.52 0.705 212.419 0.00088 312.42 
hexadecane 720.6 1.419 0.747 226.446 0.00093 332.94 
heptadecane 733.37 1.317 0.768 240.473 0.00101 353.46 
octadecane 745.26 1.214 0.795 254.5 0.00107 373.98 
nonadecane 755.93 1.117 0.82 268.527 0.00113 394.5 
eicosane 767.04 1.04 0.876 282.553 0.00119 415.02 
3,3-dimethylpentane 536.4 2.946 0.267 100.204 0.000414 148.26 
2,2-dimethylpentane 520.5 2.773 0.288 100.204 0.000416 148.26 
2,4-dimethylpentane 519.79 2.737 0.302 100.204 0.000418 148.26 
2,3-dimethylpentane 537.35 2.908 0.292 100.204 0.000393 148.26 
3-ethylpentane 540.64 2.891 0.309 100.204 0.000416 148.26 
3-methylhexane 535.25 2.814 0.322 100.204 0.000404 148.26 
2-methylhexane 530.37 2.734 0.328 100.204 0.000421 148.26 
2,2,3-trimethylbutane 531.17 2.95 0.25 100.204 0.000398 148.26 
3,4-dimethylhexane 568.8 2.69 0.338 114.231 0.000466 168.78 
3,3-dimethylhexane 562 2.65 0.32 114.231 0.000443 168.78 
2,5-dimethylhexane 550 2.49 0.358 114.231 0.000482 168.78 
2,2-dimethylhexane 549.8 2.53 0.338 114.231 0.000478 168.78 
2,3-dimethylhexane 563.4 2.63 0.347 114.231 0.000468 168.78 
2,4-dimethylhexane 553.5 2.56 0.344 114.231 0.000472 168.78 
3-ethyl-2-methylpentane 567 2.71 0.361 114.231 0.000445 168.78 
3-ethylhexane 565.4 2.61 0.363 114.231 0.000455 168.78 
3-methyl-3-ethylpentane 576.5 2.81 0.305 114.231 0.000455 168.78 
2-methylheptane 559.64 2.485 0.377 114.231 0.000488 168.78 
4-methylheptane 561.74 2.542 0.371 114.231 0.000476 168.78 
3-methylheptane 563.67 2.546 0.372 114.231 0.000464 168.78 
2,2,3,3-tetramethylbutane 567.8 2.87 0.251 114.231 0.000462 168.78 
2,2,3-trimethylpentane 563.5 2.73 0.297 114.231 0.000436 168.78 
2,3,3-trimethylpentane 573.5 2.82 0.29 114.231 0.000455 168.78 
2,3,4-trimethylpentane 566.3 2.73 0.315 114.231 0.00046 168.78 
2,2,4-trimethylpentane 543.96 2.57 0.303 114.231 0.000468 168.78 
3,3-diethylpentane 610.05 2.675 0.338 128.258 0.000473 189.3 
2,2-dimethyl-3-ethylpentane 590 2.57 0.335 128.258 0.000511 189.3 
2,4-dimethyl-3-ethylpentane 591 2.53 0.353 128.258 0.000512 189.3 
2,3-dimethyl-3-ethylpentane 606.8 2.685 0.349 128.258 0.000477 189.3 
2,5-dimethylheptane 581.1 2.351 0.393 128.258 0.000522 189.3 
2,6-dimethylheptane 579 2.3 0.393 128.258 0.00052 189.3 
3,4-dimethylheptane 591.9 2.462 0.379 128.258 0.000503 189.3 
3,5-dimethylheptane 583.2 2.401 0.385 128.258 0.00051 189.3 
2,3-dimethylheptane 589.6 2.401 0.385 128.258 0.000515 189.3 
2,4-dimethylheptane 576.8 2.341 0.39 128.258 0.000517 189.3 
4,4-dimethylheptane 585.4 2.432 0.364 128.258 0.000501 189.3 
2,2-dimethylheptane 576.8 2.35 0.39 128.258 0.000519 189.3 
3-ethyl-2-methylhexane 588.1 2.452 0.378 128.258 0.000497 189.3 
4-ethyl-2-methylhexane 580 2.401 0.386 128.258 0.000504 189.3 
3-ethyl-3-methylhexane 597.5 2.553 0.352 128.258 0.000487 189.3 
3-ethyl-4-methylhexane 593.7 2.513 0.372 128.258 0.00049 189.3 
4-ethylheptane 584.95 2.325 0.416 128.258 0.000534 189.3 
3-ethylheptane 590 2.39 0.408 128.258 0.000528 189.3 
2-methyloctane 586.75 2.29 0.422 128.258 0.000541 189.3 
3-methyloctane 590.15 2.341 0.413 128.258 0.000529 189.3 
4-methyloctane 587.65 2.341 0.413 128.258 0.000523 189.3 
2,2,3,3-tetramethylpentane 610.85 2.736 0.28 128.258 0.000478 189.3 
2,2,3,4-tetramethylpentane 592.15 2.564 0.311 128.258 0.00049 189.3 
2,3,3,4-tetramethylpentane 592.6 2.72 0.313 128.258 0.000517 189.3 
2,2,4,4-tetramethylpentane 571.35 2.361 0.316 128.258 0.000504 189.3 
2,2,5-trimethylhexane 568.05 2.33 0.357 128.258 0.000519 189.3 
2,2,3-trimethylhexane 588 2.49 0.332 128.258 0.000499 189.3 
2,3,5-trimethylhexane 579.2 2.361 0.292 128.258 0.000521 189.3 
3,3,4-trimethylhexane 602.3 2.368 0.328 128.258 0.000522 189.3 
2,3,4-trimethylhexane 594.5 2.361 0.352 128.258 0.000521 189.3 
2,4,4-trimethylhexane 581.5 2.368 0.344 128.258 0.000522 189.3 
2,3,3-trimethylhexane 596 2.553 0.333 128.258 0.000491 189.3 
2,2,4-trimethylhexane 573.5 2.417 0.343 128.258 0.000509 189.3 
3,3-dimethyloctane 612.1 2.219 0.404 142.285 0.000557 209.82 
4,5-dimethyloctane 612.2 2.239 0.418 142.285 0.000546 209.82 
3,6-dimethyloctane 608.3 2.189 0.424 142.285 0.000562 209.82 
3,5-dimethyloctane 606.3 2.189 0.424 142.285 0.000555 209.82 
4,4-dimethyloctane 606.9 2.209 0.402 142.285 0.000548 209.82 
3,4-dimethyloctane 614 2.239 0.417 142.285 0.000551 209.82 
2,6-dimethyloctane 603.1 2.148 0.453 142.285 0.000576 209.82 
2,5-dimethyloctane 603 2.148 0.432 142.285 0.000569 209.82 
2,3-dimethyloctane 613.2 2.189 0.424 142.285 0.000567 209.82 
2,2-dimethyloctane 602 2.16 0.429 142.285 0.000574 209.82 
2,4-dimethyloctane 599.4 2.138 0.43 142.285 0.000566 209.82 
3-ethyl-2,2,3-trimethylpentane 646 2.574 0.311 142.285 0.000503 209.82 
3-ethyl-2,2,4-trimethylpentane 615.3 2.371 0.346 142.285 0.000518 209.82 
4-ethyl-2,2-dimethylhexane 594.6 2.219 0.384 142.285 0.000539 209.82 
3-ethyl-2,2-dimethylhexane 611.7 2.31 0.369 142.285 0.000526 209.82 
3-ethyl-2,3,4-trimethylpentane 642.3 2.543 0.329 142.285 0.000506 209.82 
4-ethyl-2,3-dimethylhexane 617.3 2.341 0.384 142.285 0.000524 209.82 
3-ethyl-2,3-dimethylhexane 626.8 2.422 0.359 142.285 0.000516 209.82 
4-ethyl-2,4-dimethylhexane 620.9 2.471 0.383 142.285 0.000524 209.82 
3-ethyl-2,4-dimethylhexane 616.1 2.341 0.385 142.285 0.000522 209.82 
3-ethyl-2,5-dimethylhexane 603.5 2.239 0.397 142.285 0.000537 209.82 
4-ethyl-2-methylheptane 601.8 2.189 0.424 142.285 0.000545 209.82 
5-ethyl-2-methylheptane 606.7 2.189 0.424 142.285 0.000555 209.82 
3-ethyl-2-methylheptane 610.9 2.229 0.415 142.285 0.000544 209.82 
4-ethyl-3,3-dimethylhexane 625.7 2.422 0.358 142.285 0.000513 209.82 
3-ethyl-3,4-dimethylhexane 624.5 2.422 0.359 142.285 0.000511 209.82 
4-ethyl-3-methylheptane 614.3 2.28 0.41 142.285 0.00053 209.82 
3-ethyl-3-methylheptane 620 2.31 0.389 142.285 0.000532 209.82 
3-ethyl-4-methylheptane 615.5 2.28 0.409 142.285 0.000533 209.82 
4-ethyl-4-methylheptane 615.7 2.31 0.39 142.285 0.000525 209.82 
3-ethyl-5-methylheptane 606.6 2.229 0.416 142.285 0.000541 209.82 
4-ethyloctane 609.6 2.178 0.443 142.285 0.000552 209.82 
3-ethyloctane 613.6 2.189 0.446 142.285 0.000561 209.82 
3-isopropyl-2-methylhexane 623.4 2.29 0.391 142.285 0.000529 209.82 
4-isopropylheptane 607.6 2.229 0.416 142.285 0.000537 209.82 
3-methylnonane 613 2.16 0.465 142.285 0.000583 209.82 
2-methylnonane 610 2.12 0.472 142.285 0.000583 209.82 
4-methylnonane 610 2.16 0.465 142.285 0.000583 209.82 
5-methylnonane 610 2.16 0.456 142.285 0.000583 209.82 
2,2,3,4,4-pentamethylpentane 627.3 2.401 0.308 142.285 0.000521 209.82 
2,2,3,3,4-pentamethylpentane 643.8 2.584 0.294 142.285 0.000508 209.82 
4-propylheptane 601 2.178 0.444 142.285 0.000545 209.82 
2,2,4,5-tetramethylhexane 598.5 2.219 0.363 142.285 0.000544 209.82 
2,2,4,4-tetramethylhexane 610.2 2.249 0.344 142.285 0.000535 209.82 
2,2,3,3-tetramethylhexane 623 2.51 0.364 142.285 0.000574 209.82 
2,2,3,4-tetramethylhexane 620.4 2.371 0.345 142.285 0.000525 209.82 
3,3,4,4-tetramethylhexane 646.7 2.574 0.311 142.285 0.000506 209.82 
2,3,4,4-tetramethylhexane 626.6 2.422 0.339 142.285 0.000518 209.82 
2,3,3,5-tetramethylhexane 610.1 2.32 0.351 142.285 0.000531 209.82 
2,3,3,4-tetramethylhexane 633.1 2.482 0.334 142.285 0.000514 209.82 
2,3,4,5-tetramethylhexane 613.2 2.341 0.365 142.285 0.00053 209.82 
2,2,5,5-tetramethylhexane 581.4 2.19 0.375 142.285 0.000574 209.82 
2,2,3,5-tetramethylhexane 601.3 2.27 0.357 142.285 0.00054 209.82 
2,3,5-trimethylheptane 612.8 2.155 0.397 142.285 0.000578 209.82 
2,4,5-trimethylheptane 606.9 2.155 0.397 142.285 0.000578 209.82 
3,4,5-trimethylheptane 612.8 2.24 0.417 142.285 0.000547 209.82 
3,4,4-trimethylheptane 620.9 2.161 0.365 142.285 0.000579 209.82 
3,3,5-trimethylheptane 609.5 2.32 0.382 142.285 0.000579 209.82 
3,3,4-trimethylheptane 622.1 2.371 0.365 142.285 0.000526 209.82 
2,3,3-trimethylheptane 617.5 2.32 0.371 142.285 0.000538 209.82 
2,4,6-trimethylheptane 590.3 2.148 0.411 142.285 0.00056 209.82 
2,4,4-trimethylheptane 600.3 2.219 0.383 142.285 0.000541 209.82 
2,3,6-trimethylheptane 604.1 2.189 0.403 142.285 0.00056 209.82 
2,3,4-trimethylheptane 613.7 2.29 0.391 142.285 0.000538 209.82 
2,2,6-trimethylheptane 593.4 2.128 0.396 142.285 0.000573 209.82 
2,2,5-trimethylheptane 598 2.168 0.389 142.285 0.000559 209.82 
2,2,3-trimethylheptane 611.7 2.27 0.378 142.285 0.000546 209.82 
2,5,5-trimethylheptane 602.9 2.219 0.383 142.285 0.00055 209.82 
2,2,4-trimethylheptane 594.5 2.168 0.389 142.285 0.000552 209.82 
3,3-diethyl-2-methylpentane 639.9 2.533 0.346 142.285 0.000501 209.82 
3,3-diethylhexane 627.8 2.412 0.377 142.285 0.00051 209.82 
3,4-diethylhexane 618.8 2.33 0.403 142.285 0.000519 209.82 
2,4-dimethyl-3-isopropylpentane 614.4 2.341 0.365 142.285 0.000521 209.82 
3,4-diethylheptane 622.87 1.961 0.478 156.312 0.00064 230.34 
3,3-diethylheptane 636.16 1.967 0.448 156.312 0.000641 230.34 
4,4-diethylheptane 627.03 1.967 0.448 156.312 0.000641 230.34 
3,5-diethylheptane 621.49 1.961 0.478 156.312 0.00064 230.34 
2,4-dimethyl-3,3-diethylpentane 647.25 1.834 0.432 156.312 0.000685 230.34 
2,2-dimethyl-3,3-diethylpentane 651.51 1.995 0.391 156.312 0.000629 230.34 
4,4-dimethyl-3-ethylheptane 624.99 1.981 0.419 156.312 0.000635 230.34 
2,4-dimethyl-3-ethylheptane 625.29 1.975 0.449 156.312 0.000634 230.34 
3,4-dimethyl-3-ethylheptane 637.52 1.981 0.419 156.312 0.000635 230.34 
3,5-dimethyl-3-ethylheptane 630.56 1.981 0.419 156.312 0.000635 230.34 
2,6-dimethyl-3-ethylheptane 621.14 1.975 0.449 156.312 0.000634 230.34 
2,5-dimethyl-3-ethylheptane 621.14 1.975 0.449 156.312 0.000634 230.34 
2,3-dimethyl-3-ethylheptane 630.56 1.981 0.419 156.312 0.000635 230.34 
2,2-dimethyl-3-ethylheptane 624.99 1.981 0.419 156.312 0.000635 230.34 
2,4-dimethyl-3-isopropylhexane 623.65 1.989 0.421 156.312 0.000628 230.34 
2,2-dimethyl-3-isopropylhexane 623.44 1.995 0.391 156.312 0.000629 230.34 
2,3-dimethyl-3-isopropylhexane 634.64 1.995 0.391 156.312 0.000629 230.34 
2,5-dimethyl-3-isopropylhexane 616.7 1.989 0.421 156.312 0.000628 230.34 
3,5-dimethyl-4-ethylheptane 628.05 1.975 0.449 156.312 0.000634 230.34 
2,3-dimethyl-4-ethylheptane 625.29 1.975 0.449 156.312 0.000634 230.34 
2,4-dimethyl-4-ethylheptane 616.64 1.981 0.419 156.312 0.000635 230.34 
2,5-dimethyl-4-ethylheptane 619.75 1.975 0.449 156.312 0.000634 230.34 
2,6-dimethyl-4-ethylheptane 612.84 1.975 0.449 156.312 0.000634 230.34 
3,3-dimethyl-4-ethylheptane 630.56 1.981 0.419 156.312 0.000635 230.34 
3,4-dimethyl-4-ethylheptane 631.95 1.981 0.419 156.312 0.000635 230.34 
2,2-dimethyl-4-ethylheptane 613.86 1.981 0.419 156.312 0.000635 230.34 
2,2-dimethyl-5-ethylheptane 619.43 1.981 0.419 156.312 0.000635 230.34 
2,3-dimethyl-5-ethylheptane 623.9 1.975 0.449 156.312 0.000634 230.34 
2,4-dimethyl-5-ethylheptane 621.14 1.975 0.449 156.312 0.000634 230.34 
2,5-dimethyl-5-ethylheptane 627.77 1.981 0.419 156.312 0.000635 230.34 
3,3-dimethyl-5-ethylheptane 623.6 1.981 0.419 156.312 0.000635 230.34 
3,4-dimethyl-5-ethylheptane 629.43 1.975 0.449 156.312 0.000634 230.34 
4,4-dimethylnonane 623.85 1.967 0.448 156.312 0.000641 230.34 
2,5-dimethylnonane 621.49 1.961 0.478 156.312 0.00064 230.34 
3,4-dimethylnonane 629.74 1.961 0.478 156.312 0.00064 230.34 
3,5-dimethylnonane 622.87 1.961 0.478 156.312 0.00064 230.34 
3,6-dimethylnonane 625.61 1.961 0.478 156.312 0.00064 230.34 
2,6-dimethylnonane 621.49 1.961 0.478 156.312 0.00064 230.34 
3,3-dimethylnonane 629.38 1.967 0.448 156.312 0.000641 230.34 
3,7-dimethylnonane 628.36 1.961 0.478 156.312 0.00064 230.34 
2,4-dimethylnonane 620.12 1.961 0.478 156.312 0.00064 230.34 
2,3-dimethylnonane 631.11 1.961 0.478 156.312 0.00064 230.34 
2,2-dimethylnonane 626.62 1.967 0.448 156.312 0.000641 230.34 
4,5-dimethylnonane 625.61 1.961 0.478 156.312 0.00064 230.34 
4,6-dimethylnonane 621.49 1.961 0.478 156.312 0.00064 230.34 
5,5-dimethylnonane 622.47 1.967 0.448 156.312 0.000641 230.34 
2,7-dimethylnonane 622.87 1.961 0.478 156.312 0.00064 230.34 
2,8-dimethylnonane 626.99 1.961 0.478 156.312 0.00064 230.34 
5-ethylnonane 619.2 1.948 0.507 156.312 0.000646 230.34 
4-ethylnonane 624.66 1.948 0.507 156.312 0.000646 230.34 
3-ethylnonane 630.13 1.948 0.507 156.312 0.000646 230.34 
2,2,3,3,4,4-hexamethylpentane 672.56 2.035 0.275 156.312 0.000619 230.34 
4-isopropyloctane 620.12 1.961 0.478 156.312 0.00064 230.34 
2-methyl-3,3-diethylhexane 638.91 1.981 0.419 156.312 0.000635 230.34 
2-methyl-3,4-diethylhexane 625.29 1.975 0.449 156.312 0.000634 230.34 
3-methyl-3,4-diethylhexane 638.91 1.981 0.419 156.312 0.000635 230.34 
2-methyl-3-ethyloctane 625.61 1.961 0.478 156.312 0.00064 230.34 
4-methyl-3-ethyloctane 626.99 1.961 0.478 156.312 0.00064 230.34 
3-methyl-3-ethyloctane 634.5 1.967 0.448 156.312 0.000641 230.34 
2-methyl-3-isopropylheptane 624.32 1.975 0.449 156.312 0.000634 230.34 
3-methyl-4,4-diethylhexane 644.47 1.981 0.419 156.312 0.000635 230.34 
2-methyl-4,4-diethylhexane 629.17 1.981 0.419 156.312 0.000635 230.34 
3-methyl-4-ethyloctane 625.61 1.961 0.478 156.312 0.00064 230.34 
2-methyl-4-ethyloctane 617.37 1.961 0.478 156.312 0.00064 230.34 
4-methyl-4-ethyloctane 626.62 1.967 0.448 156.312 0.000641 230.34 
4-methyl-4-isopropylheptane 630.56 1.981 0.419 156.312 0.000635 230.34 
2-methyl-4-isopropylheptane 615.61 1.975 0.449 156.312 0.000634 230.34 
3-methyl-4-isopropylheptane 622.52 1.975 0.449 156.312 0.000634 230.34 
3-methyl-4-propylheptane 621.49 1.961 0.478 156.312 0.00064 230.34 
2-methyl-4-propylheptane 614.62 1.961 0.478 156.312 0.00064 230.34 
4-methyl-4-propylheptane 623.85 1.967 0.448 156.312 0.000641 230.34 
2-methyl-5-ethyloctane 620.12 1.961 0.478 156.312 0.00064 230.34 
4-methyl-5-ethyloctane 622.87 1.961 0.478 156.312 0.00064 230.34 
3-methyl-5-ethyloctane 617.37 1.961 0.478 156.312 0.00064 230.34 
4-methyl-6-ethyloctane 622.87 1.961 0.478 156.312 0.00064 230.34 
3-methyl-6-ethyloctane 625.61 1.961 0.478 156.312 0.00064 230.34 
2-methyl-6-ethyloctane 625.61 1.961 0.478 156.312 0.00064 230.34 
4-methyldecane 629.99 1.948 0.507 156.312 0.000646 230.34 
2-methyldecane 631.76 1.948 0.507 156.312 0.000646 230.34 
3-methyldecane 632.86 1.948 0.507 156.312 0.000646 230.34 
5-methyldecane 627.4 1.948 0.507 156.312 0.000646 230.34 
2,3,3,4,5-pentamethylhexane 640.29 2.009 0.362 156.312 0.000623 230.34 
2,2,3,4,5-pentamethylhexane 630.42 2.009 0.362 156.312 0.000623 230.34 
2,2,3,3,5-pentamethylhexane 629.72 2.015 0.333 156.312 0.000624 230.34 
2,2,3,3,4-pentamethylhexane 648.89 2.015 0.333 156.312 0.000624 230.34 
2,2,3,5,5-pentamethylhexane 623.34 2.015 0.333 156.312 0.000624 230.34 
2,2,4,4,5-pentamethylhexane 637.53 2.015 0.333 156.312 0.000624 230.34 
2,2,3,4,4-pentamethylhexane 651.73 2.015 0.333 156.312 0.000624 230.34 
2,3,3,4,4-pentamethylhexane 653.15 2.015 0.333 156.312 0.000624 230.34 
4-propyloctane 619.2 1.948 0.507 156.312 0.000646 230.34 
4-tert-butylheptane 622.21 1.981 0.419 156.312 0.000635 230.34 
2,2,4,4-tetramethyl-3-ethylpentane 643.21 2.015 0.333 156.312 0.000624 230.34 
2,2,3,4-tetramethyl-3-ethylpentane 651.73 2.015 0.333 156.312 0.000624 230.34 
2,2,6,6-tetramethylheptane 614.86 2 0.361 156.312 0.00063 230.34 
2,3,3,5-tetramethylheptane 629.04 1.995 0.391 156.312 0.000629 230.34 
2,3,3,4-tetramethylheptane 637.45 1.995 0.391 156.312 0.000629 230.34 
2,2,3,4-tetramethylheptane 629.04 1.995 0.391 156.312 0.000629 230.34 
2,2,5,6-tetramethylheptane 619.24 1.995 0.391 156.312 0.000629 230.34 
2,3,4,4-tetramethylheptane 631.84 1.995 0.391 156.312 0.000629 230.34 
2,2,5,5-tetramethylheptane 619.08 2 0.361 156.312 0.00063 230.34 
2,4,5,5-tetramethylheptane 629.04 1.995 0.391 156.312 0.000629 230.34 
2,2,4,6-tetramethylheptane 609.72 1.995 0.391 156.312 0.000629 230.34 
2,3,3,6-tetramethylheptane 627.64 1.995 0.391 156.312 0.000629 230.34 
3,3,4,4-tetramethylheptane 644.46 2 0.361 156.312 0.00063 230.34 
2,2,3,3-tetramethylheptane 638.82 2 0.361 156.312 0.00063 230.34 
3,4,4,5-tetramethylheptane 641.65 1.995 0.391 156.312 0.000629 230.34 
2,2,3,6-tetramethylheptane 620.64 1.995 0.391 156.312 0.000629 230.34 
3,3,5,5-tetramethylheptane 638.82 2 0.361 156.312 0.00063 230.34 
3,3,4,5-tetramethylheptane 636.04 1.995 0.391 156.312 0.000629 230.34 
2,4,4,5-tetramethylheptane 626.24 1.995 0.391 156.312 0.000629 230.34 
2,2,3,5-tetramethylheptane 626.24 1.995 0.391 156.312 0.000629 230.34 
2,3,4,5-tetramethylheptane 629.22 1.989 0.421 156.312 0.000628 230.34 
2,4,4,6-tetramethylheptane 612.24 1.995 0.391 156.312 0.000629 230.34 
2,3,5,6-tetramethylheptane 623.65 1.989 0.421 156.312 0.000628 230.34 
2,3,5,5-tetramethylheptane 623.44 1.995 0.391 156.312 0.000629 230.34 
2,2,4,4-tetramethylheptane 624.72 2 0.361 156.312 0.00063 230.34 
2,3,4,6-tetramethylheptane 622.26 1.989 0.421 156.312 0.000628 230.34 
2,2,4,5-tetramethylheptane 619.24 1.995 0.391 156.312 0.000629 230.34 
2,3,4-trimethyl-3-ethylhexane 644.45 2.016 0.393 156.312 0.000626 230.34 
2,2,5-trimethyl-3-ethylhexane 620.64 2.032 0.394 156.312 0.000623 230.34 
2,3,5-trimethyl-3-ethylhexane 629.04 1.977 0.397 156.312 0.000629 230.34 
2,4,4-trimethyl-3-ethylhexane 631.84 2.004 0.391 156.312 0.000627 230.34 
2,2,4-trimethyl-3-ethylhexane 627.64 2.011 0.396 156.312 0.000624 230.34 
2,2,3-trimethyl-3-ethylhexane 638.82 2.024 0.369 156.312 0.000624 230.34 
2,2,4-trimethyl-3-isopropylpentane 624.78 2.034 0.364 156.312 0.000614 230.34 
2,3,4-trimethyl-3-isopropylpentane 647.34 2.064 0.356 156.312 0.000613 230.34 
2,3,3-trimethyl-4-ethylhexane 638.85 2.035 0.388 156.312 0.000625 230.34 
2,2,5-trimethyl-4-ethylhexane 615.04 2.024 0.392 156.312 0.000625 230.34 
2,3,4-trimethyl-4-ethylhexane 634.64 2.01 0.392 156.312 0.000625 230.34 
2,2,4-trimethyl-4-ethylhexane 636 2.001 0.368 156.312 0.000626 230.34 
3,3,4-trimethyl-4-ethylhexane 652.92 2.003 0.368 156.312 0.000627 230.34 
2,3,5-trimethyl-4-ethylhexane 626.44 1.994 0.415 156.312 0.000624 230.34 
2,2,3-trimethyl-4-ethylhexane 629.04 2.049 0.39 156.312 0.00062 230.34 
2,2,6-trimethyloctane 622.21 1.981 0.43 156.312 0.000634 230.34 
2,4,4-trimethyloctane 618.03 1.986 0.427 156.312 0.000635 230.34 
2,3,7-trimethyloctane 625.29 1.975 0.449 156.312 0.000633 230.34 
2,3,6-trimethyloctane 626.67 1.975 0.448 156.312 0.000633 230.34 
2,4,5-trimethyloctane 621.14 1.953 0.447 156.312 0.000632 230.34 
2,2,3-trimethyloctane 629.17 1.991 0.424 156.312 0.000634 230.34 
2,3,5-trimethyloctane 622.52 1.979 0.441 156.312 0.000628 230.34 
2,4,6-trimethyloctane 618.37 1.975 0.453 156.312 0.000633 230.34 
2,2,5-trimethyloctane 618.03 1.959 0.426 156.312 0.000635 230.34 
3,4,4-trimethyloctane 631.95 2.014 0.418 156.312 0.000633 230.34 
2,3,4-trimethyloctane 626.67 1.964 0.447 156.312 0.000633 230.34 
2,3,3-trimethyloctane 633.34 2.001 0.421 156.312 0.000632 230.34 
2,2,4-trimethyloctane 618.73 1.973 0.428 156.312 0.000635 230.34 
3,3,4-trimethyloctane 633.34 2.002 0.418 156.312 0.000634 230.34 
2,2,7-trimethyloctane 616.64 1.956 0.43 156.312 0.000637 230.34 
4,4,5-trimethyloctane 630.56 2.003 0.416 156.312 0.00063 230.34 
3,5,5-trimethyloctane 616.64 1.983 0.423 156.312 0.000635 230.34 
3,4,6-trimethyloctane 625.29 1.979 0.442 156.312 0.000633 230.34 
3,3,5-trimethyloctane 622.21 1.972 0.419 156.312 0.000636 230.34 
3,3,6-trimethyloctane 626.38 2.002 0.419 156.312 0.000631 230.34 
2,4,7-trimethyloctane 614.22 1.942 0.457 156.312 0.000639 230.34 
2,6,6-trimethyloctane 624.99 1.981 0.426 156.312 0.000634 230.34 
2,5,6-trimethyloctane 623.9 1.979 0.45 156.312 0.000631 230.34 
2,5,5-trimethyloctane 619.43 1.978 0.424 156.312 0.000633 230.34 
3,4,5-trimethyloctane 628.05 1.961 0.447 156.312 0.000633 230.34 
4,4-diethyloctane 644.29 1.809 0.489 170.338 0.000697 250.86 
3,3-diethyloctane 651.09 1.809 0.489 170.338 0.000697 250.86 
3,6-diethyloctane 643.43 1.805 0.519 170.338 0.000696 250.86 
3,5-diethyloctane 636.66 1.805 0.519 170.338 0.000696 250.86 
4,5-diethyloctane 636.66 1.805 0.519 170.338 0.000696 250.86 
3,4-diethyloctane 639.37 1.805 0.519 170.338 0.000696 250.86 
2,2-dimethyl,3,3-diethylhexane 655.89 1.839 0.403 170.338 0.000686 250.86 
2,5-dimethyl-3,3-diethylhexane 638.14 1.834 0.432 170.338 0.000685 250.86 
2,4-dimethyl-3,3-diethylhexane 651.92 1.834 0.432 170.338 0.000685 250.86 
2,2-dimethyl-3,4-diethylhexane 638.14 1.834 0.432 170.338 0.000685 250.86 
2,3-dimethyl-3,4-diethylhexane 657.43 1.834 0.432 170.338 0.000685 250.86 
2,4-dimethyl-3,4-diethylhexane 651.92 1.834 0.432 170.338 0.000685 250.86 
2,5-dimethyl-3,4-diethylhexane 634.39 1.829 0.462 170.338 0.000684 250.86 
3,4-dimethyl-3,4-diethylhexane 669.75 1.839 0.403 170.338 0.000686 250.86 
2,4-dimethyl-3-ethyl-3-isopropylpentane 664.26 1.847 0.404 170.338 0.000679 250.86 
3,4-dimethyl-3-ethyloctane 648.03 1.822 0.461 170.338 0.000691 250.86 
2,2-dimethyl-3-ethyloctane 642.55 1.822 0.461 170.338 0.000691 250.86 
2,3-dimethyl-3-ethyloctane 650.77 1.822 0.461 170.338 0.000691 250.86 
3,6-dimethyl-3-ethyloctane 646.66 1.822 0.461 170.338 0.000691 250.86 
4,4-dimethyl-3-ethyloctane 645.29 1.822 0.461 170.338 0.000691 250.86 
4,5-dimethyl-3-ethyloctane 642.97 1.817 0.491 170.338 0.00069 250.86 
2,5-dimethyl-3-ethyloctane 636.16 1.817 0.491 170.338 0.00069 250.86 
3,5-dimethyl-3-ethyloctane 642.55 1.822 0.461 170.338 0.000691 250.86 
2,6-dimethyl-3-ethyloctane 640.25 1.817 0.491 170.338 0.00069 250.86 
2,4-dimethyl-3-ethyloctane 640.25 1.817 0.491 170.338 0.00069 250.86 
2,7-dimethyl-3-ethyloctane 638.89 1.817 0.491 170.338 0.00069 250.86 
2,4-dimethyl-3-isopropylheptane 637.13 1.829 0.462 170.338 0.000684 250.86 
2,2-dimethyl-3-isopropylheptane 638.14 1.834 0.432 170.338 0.000685 250.86 
2,5-dimethyl-3-isopropylheptane 634.39 1.829 0.462 170.338 0.000684 250.86 
2,6-dimethyl-3-isopropylheptane 635.48 1.829 0.462 170.338 0.000684 250.86 
2,3-dimethyl-3-isopropylheptane 653.29 1.834 0.432 170.338 0.000685 250.86 
2,2-dimethyl-3-tert-butylhexane 654.48 1.852 0.375 170.338 0.00068 250.86 
2,2-dimethyl-4,4-diethylhexane 655.89 1.839 0.403 170.338 0.000686 250.86 
2,3-dimethyl-4,4-diethylhexane 657.43 1.834 0.432 170.338 0.000685 250.86 
3,3-dimethyl-4,4-diethylhexane 669.75 1.839 0.403 170.338 0.000686 250.86 
2,5-dimethyl-4-ethyloctane 633.44 1.817 0.491 170.338 0.00069 250.86 
2,4-dimethyl-4-ethyloctane 635.7 1.822 0.461 170.338 0.000691 250.86 
2,6-dimethyl-4-ethyloctane 630.72 1.817 0.491 170.338 0.00069 250.86 
2,3-dimethyl-4-ethyloctane 640.25 1.817 0.491 170.338 0.00069 250.86 
2,7-dimethyl-4-ethyloctane 630.72 1.817 0.491 170.338 0.00069 250.86 
3,6-dimethyl-4-ethyloctane 638.89 1.817 0.491 170.338 0.00069 250.86 
4,5-dimethyl-4-ethyloctane 648.03 1.822 0.461 170.338 0.000691 250.86 
3,4-dimethyl-4-ethyloctane 649.4 1.822 0.461 170.338 0.000691 250.86 
3,5-dimethyl-4-ethyloctane 640.25 1.817 0.491 170.338 0.00069 250.86 
2,2-dimethyl-4-ethyloctane 630.23 1.822 0.461 170.338 0.000691 250.86 
3,3-dimethyl-4-ethyloctane 645.29 1.822 0.461 170.338 0.000691 250.86 
3,5-dimethyl-4-isopropylheptane 639.86 1.829 0.462 170.338 0.000684 250.86 
2,3-dimethyl-4-isopropylheptane 637.13 1.829 0.462 170.338 0.000684 250.86 
2,4-dimethyl-4-isopropylheptane 640.89 1.834 0.432 170.338 0.000685 250.86 
2,5-dimethyl-4-isopropylheptane 633.02 1.829 0.462 170.338 0.000684 250.86 
3,3-dimethyl-4-isopropylheptane 643.65 1.834 0.432 170.338 0.000685 250.86 
2,6-dimethyl-4-isopropylheptane 624.8 1.829 0.462 170.338 0.000684 250.86 
3,4-dimethyl-4-isopropylheptane 653.29 1.834 0.432 170.338 0.000685 250.86 
2,2-dimethyl-4-isopropylheptane 627.12 1.834 0.432 170.338 0.000685 250.86 
3,3-dimethyl-4-propylheptane 642.55 1.822 0.461 170.338 0.000691 250.86 
2,5-dimethyl-4-propylheptane 630.72 1.817 0.491 170.338 0.00069 250.86 
2,3-dimethyl-4-propylheptane 636.16 1.817 0.491 170.338 0.00069 250.86 
2,2-dimethyl-4-propylheptane 626.12 1.822 0.461 170.338 0.000691 250.86 
2,6-dimethyl-4-propylheptane 623.36 1.817 0.491 170.338 0.00069 250.86 
3,4-dimethyl-4-propylheptane 645.29 1.822 0.461 170.338 0.000691 250.86 
3,5-dimethyl-4-propylheptane 638.89 1.817 0.491 170.338 0.00069 250.86 
2,4-dimethyl-4-propylheptane 632.97 1.822 0.461 170.338 0.000691 250.86 
3,5-dimethyl-5-ethyloctane 634.33 1.822 0.461 170.338 0.000691 250.86 
4,4-dimethyl-5-ethyloctane 642.55 1.822 0.461 170.338 0.000691 250.86 
3,3-dimethyl-5-ethyloctane 635.7 1.822 0.461 170.338 0.000691 250.86 
2,5-dimethyl-5-ethyloctane 638.44 1.822 0.461 170.338 0.000691 250.86 
2,2-dimethyl-5-ethyloctane 632.97 1.822 0.461 170.338 0.000691 250.86 
2,3-dimethyl-5-ethyloctane 636.16 1.817 0.491 170.338 0.00069 250.86 
2,6-dimethyl-5-ethyloctane 637.53 1.817 0.491 170.338 0.00069 250.86 
2,4-dimethyl-5-ethyloctane 634.8 1.817 0.491 170.338 0.00069 250.86 
3,4-dimethyl-5-ethyloctane 641.61 1.817 0.491 170.338 0.00069 250.86 
3,3-dimethyl-6-ethyloctane 642.55 1.822 0.461 170.338 0.000691 250.86 
2,4-dimethyl-6-ethyloctane 633.44 1.817 0.491 170.338 0.00069 250.86 
3,4-dimethyl-6-ethyloctane 641.61 1.817 0.491 170.338 0.00069 250.86 
4,4-dimethyl-6-ethyloctane 635.7 1.822 0.461 170.338 0.000691 250.86 
3,5-dimethyl-6-ethyloctane 640.25 1.817 0.491 170.338 0.00069 250.86 
2,2-dimethyl-6-ethyloctane 638.44 1.822 0.461 170.338 0.000691 250.86 
2,5-dimethyl-6-ethyloctane 640.25 1.817 0.491 170.338 0.00069 250.86 
2,6-dimethyl-6-ethyloctane 645.29 1.822 0.461 170.338 0.000691 250.86 
2,3-dimethyl-6-ethyloctane 642.97 1.817 0.491 170.338 0.00069 250.86 
4,6-dimethyldecane 638.02 1.805 0.519 170.338 0.000696 250.86 
4,7-dimethyldecane 639.37 1.805 0.519 170.338 0.000696 250.86 
5,5-dimethyldecane 640.2 1.809 0.489 170.338 0.000697 250.86 
2,9-dimethyldecane 646.14 1.805 0.519 170.338 0.000696 250.86 
2,2-dimethyldecane 645.65 1.809 0.489 170.338 0.000697 250.86 
2,3-dimethyldecane 648.85 1.805 0.519 170.338 0.000696 250.86 
5,6-dimethyldecane 642.08 1.805 0.519 170.338 0.000696 250.86 
2,5-dimethyldecane 638.02 1.805 0.519 170.338 0.000696 250.86 
2,6-dimethyldecane 638.02 1.805 0.519 170.338 0.000696 250.86 
2,4-dimethyldecane 640.72 1.805 0.519 170.338 0.000696 250.86 
2,8-dimethyldecane 646.14 1.805 0.519 170.338 0.000696 250.86 
4,5-dimethyldecane 643.43 1.805 0.519 170.338 0.000696 250.86 
3,3-dimethyldecane 648.37 1.809 0.489 170.338 0.000697 250.86 
3,4-dimethyldecane 647.49 1.805 0.519 170.338 0.000696 250.86 
3,5-dimethyldecane 640.72 1.805 0.519 170.338 0.000696 250.86 
3,6-dimethyldecane 642.08 1.805 0.519 170.338 0.000696 250.86 
3,7-dimethyldecane 643.43 1.805 0.519 170.338 0.000696 250.86 
3,8-dimethyldecane 647.49 1.805 0.519 170.338 0.000696 250.86 
4,4-dimethyldecane 642.92 1.809 0.489 170.338 0.000697 250.86 
2,7-dimethyldecane 643.43 1.805 0.519 170.338 0.000696 250.86 
4-ethyl-4-isopropylheptane 648.03 1.822 0.461 170.338 0.000691 250.86 
3-ethyl-4-isopropylheptane 637.53 1.817 0.491 170.338 0.00069 250.86 
4-ethyl-4-propylheptane 640.2 1.809 0.489 170.338 0.000697 250.86 
3-ethyl-4-propylheptane 635.31 1.805 0.519 170.338 0.000696 250.86 
4-ethyldecane 642.63 1.792 0.548 170.338 0.000702 250.86 
3-ethyldecane 648.96 1.792 0.548 170.338 0.000702 250.86 
5-ethyldecane 639.94 1.792 0.548 170.338 0.000702 250.86 
2,3,3,4,4,5-hexamethylhexane 672.82 1.864 0.347 170.338 0.000674 250.86 
2,2,3,3,4,4-hexamethylhexane 691.43 1.869 0.318 170.338 0.000675 250.86 
2,2,3,3,4,5-hexamethylhexane 662.99 1.864 0.347 170.338 0.000674 250.86 
2,2,3,4,4,5-hexamethylhexane 672.82 1.864 0.347 170.338 0.000674 250.86 
2,2,3,3,5,5-hexamethylhexane 661.75 1.869 0.318 170.338 0.000675 250.86 
2,2,3,4,5,5-hexamethylhexane 650.35 1.864 0.347 170.338 0.000674 250.86 
5-isopropylnonane 638.02 1.805 0.519 170.338 0.000696 250.86 
4-isopropylnonane 638.02 1.805 0.519 170.338 0.000696 250.86 
2-methyl-3,3-diethylheptane 652.14 1.822 0.461 170.338 0.000691 250.86 
4-methyl-3,3-diethylheptane 654.88 1.822 0.461 170.338 0.000691 250.86 
3-methyl-3,4-diethylheptane 649.4 1.822 0.461 170.338 0.000691 250.86 
2-methyl-3,4-diethylheptane 637.53 1.817 0.491 170.338 0.00069 250.86 
4-methyl-3,4-diethylheptane 649.4 1.822 0.461 170.338 0.000691 250.86 
2-methyl-3,5-diethylheptane 637.53 1.817 0.491 170.338 0.00069 250.86 
3-methyl-3,5-diethylheptane 643.92 1.822 0.461 170.338 0.000691 250.86 
4-methyl-3,5-diethylheptane 644.34 1.817 0.491 170.338 0.00069 250.86 
2-methyl-3-ethyl-3-isopropylhexane 648.03 1.822 0.461 170.338 0.000691 250.86 
5-methyl-3-ethylnonane 639.37 1.805 0.519 170.338 0.000696 250.86 
3-methyl-3-ethylnonane 649.73 1.809 0.489 170.338 0.000697 250.86 
2-methyl-3-ethylnonane 642.08 1.805 0.519 170.338 0.000696 250.86 
4-methyl-3-ethylnonane 640.72 1.805 0.519 170.338 0.000696 250.86 
2-methyl-3-isopropyloctane 638.89 1.817 0.491 170.338 0.00069 250.86 
2-methyl-4,4-diethylheptane 639.81 1.822 0.461 170.338 0.000691 250.86 
3-methyl-4,4-diethylheptane 653.51 1.822 0.461 170.338 0.000691 250.86 
2-methyl-4,5-diethylheptane 634.8 1.826 0.487 170.338 0.000687 250.86 
3-methyl-4,5-diethylheptane 641.61 1.795 0.492 170.338 0.000694 250.86 
2-methyl-4-ethyl-3-isopropylhexane 630.72 1.817 0.491 170.338 0.00069 250.86 
3-methyl-4-ethylnonane 642.08 1.805 0.519 170.338 0.000696 250.86 
5-methyl-4-ethylnonane 639.37 1.805 0.519 170.338 0.000696 250.86 
4-methyl-4-ethylnonane 642.92 1.809 0.489 170.338 0.000697 250.86 
2-methyl-4-ethylnonane 638.02 1.805 0.519 170.338 0.000696 250.86 
2-methyl-4-isopropyloctane 630.72 1.817 0.491 170.338 0.00069 250.86 
4-methyl-4-isopropyloctane 645.29 1.822 0.461 170.338 0.000691 250.86 
3-methyl-4-isopropyloctane 637.53 1.817 0.491 170.338 0.00069 250.86 
4-methyl-4-propyloctane 637.48 1.809 0.489 170.338 0.000697 250.86 
2-methyl-4-propyloctane 628.54 1.805 0.519 170.338 0.000696 250.86 
3-methyl-4-propyloctane 636.66 1.805 0.519 170.338 0.000696 250.86 
4-methyl-4-tert-butylheptane 653.12 1.839 0.403 170.338 0.000686 250.86 
2-methyl-4-tert-butylheptane 631.25 1.834 0.432 170.338 0.000685 250.86 
3-methyl-4-tert-butylheptane 638.14 1.834 0.432 170.338 0.000685 250.86 
2-methyl-5,5-diethylheptane 645.29 1.822 0.461 170.338 0.000691 250.86 
3-methyl-5,5-diethylheptane 646.66 1.822 0.461 170.338 0.000691 250.86 
3-methyl-5-ethylnonane 633.95 1.805 0.519 170.338 0.000696 250.86 
2-methyl-5-ethylnonane 635.31 1.805 0.519 170.338 0.000696 250.86 
4-methyl-5-ethylnonane 638.02 1.805 0.519 170.338 0.000696 250.86 
5-methyl-5-ethylnonane 641.56 1.809 0.489 170.338 0.000697 250.86 
4-methyl-5-isopropyloctane 636.16 1.817 0.491 170.338 0.00069 250.86 
3-methyl-5-isopropyloctane 633.44 1.817 0.491 170.338 0.00069 250.86 
2-methyl-5-isopropyloctane 632.08 1.817 0.491 170.338 0.00069 250.86 
4-methyl-5-propyloctane 635.31 1.805 0.519 170.338 0.000696 250.86 
3-methyl-5-propyloctane 632.6 1.805 0.519 170.338 0.000696 250.86 
2-methyl-5-propyloctane 628.54 1.805 0.519 170.338 0.000696 250.86 
2-methyl-6-ethylnonane 638.02 1.805 0.519 170.338 0.000696 250.86 
4-methyl-6-ethylnonane 635.31 1.805 0.519 170.338 0.000696 250.86 
3-methyl-6-ethylnonane 639.37 1.805 0.519 170.338 0.000696 250.86 
2-methyl-7-ethylnonane 643.43 1.805 0.519 170.338 0.000696 250.86 
3-methyl-7-ethylnonane 640.72 1.805 0.519 170.338 0.000696 250.86 
4-methyl-7-ethylnonane 640.72 1.805 0.519 170.338 0.000696 250.86 
5-methylundecane 645.32 1.792 0.548 170.338 0.000702 250.86 
6-methylundecane 645.32 1.792 0.548 170.338 0.000702 250.86 
4-methylundecane 649.36 1.792 0.548 170.338 0.000702 250.86 
3-methylundecane 650.71 1.792 0.548 170.338 0.000702 250.86 
2-methylundecane 650.71 1.792 0.548 170.338 0.000702 250.86 
2,2,3,4,4-pentamethyl-3-ethylpentane 688.61 1.869 0.318 170.338 0.000675 250.86 
2,2,4,6,6-pentamethylheptane 629.3 1.852 0.375 170.338 0.00068 250.86 
2,2,4,4,6-pentamethylheptane 639.98 1.852 0.375 170.338 0.00068 250.86 
2,2,4,4,5-pentamethylheptane 654.48 1.852 0.375 170.338 0.00068 250.86 
2,2,3,4,4-pentamethylheptane 662.85 1.852 0.375 170.338 0.00068 250.86 
2,2,3,3,6-pentamethylheptane 650.3 1.852 0.375 170.338 0.00068 250.86 
2,2,3,3,4-pentamethylheptane 660.06 1.852 0.375 170.338 0.00068 250.86 
2,2,4,5,6-pentamethylheptane 635.15 1.847 0.404 170.338 0.000679 250.86 
2,2,3,3,5-pentamethylheptane 651.69 1.852 0.375 170.338 0.00068 250.86 
2,2,4,5,5-pentamethylheptane 640.53 1.852 0.375 170.338 0.00068 250.86 
2,3,4,5,6-pentamethylheptane 645.08 1.842 0.434 170.338 0.000678 250.86 
2,2,3,5,6-pentamethylheptane 640.42 1.847 0.404 170.338 0.000679 250.86 
2,3,3,4,6-pentamethylheptane 649.01 1.847 0.404 170.338 0.000679 250.86 
2,2,3,6,6-pentamethylheptane 639.14 1.852 0.375 170.338 0.00068 250.86 
2,3,3,4,5-pentamethylheptane 655.95 1.847 0.404 170.338 0.000679 250.86 
2,3,3,4,4-pentamethylheptane 664.25 1.852 0.375 170.338 0.00068 250.86 
2,2,5,5,6-pentamethylheptane 640.53 1.852 0.375 170.338 0.00068 250.86 
2,3,3,5,6-pentamethylheptane 644.85 1.847 0.404 170.338 0.000679 250.86 
2,3,4,4,5-pentamethylheptane 655.95 1.847 0.404 170.338 0.000679 250.86 
2,2,3,5,5-pentamethylheptane 641.93 1.852 0.375 170.338 0.000679 250.86 
2,3,4,4,6-pentamethylheptane 642.08 1.847 0.404 170.338 0.000679 250.86 
2,3,4,5,5-pentamethylheptane 651.79 1.847 0.404 170.338 0.000679 250.86 
2,3,3,5,5-pentamethylheptane 660.06 1.852 0.375 170.338 0.00068 250.86 
2,4,4,5,5-pentamethylheptane 654.48 1.852 0.375 170.338 0.00068 250.86 
3,3,4,4,5-pentamethylheptane 668.43 1.852 0.375 170.338 0.00068 250.86 
3,3,4,5,5-pentamethylheptane 672.62 1.852 0.375 170.338 0.00068 250.86 
2,2,3,4,5-pentamethylheptane 647.63 1.847 0.404 170.338 0.000679 250.86 
2,2,3,4,6-pentamethylheptane 639.31 1.847 0.404 170.338 0.000679 250.86 
5-propylnonane 633.2 1.792 0.548 170.338 0.000702 250.86 
4-propylnonane 635.9 1.792 0.548 170.338 0.000702 250.86 
4-tert-butyloctane 635.7 1.822 0.461 170.338 0.000691 250.86 
2,2,4,4-tetramethyl-3-ethylhexane 660.06 1.852 0.375 170.338 0.00068 250.86 
2,2,3,5-tetramethyl-3-ethylhexane 651.69 1.852 0.375 170.338 0.00068 250.86 
2,3,4,5-tetramethyl-3-ethylhexane 657.33 1.847 0.404 170.338 0.000679 250.86 
2,3,4,4-tetramethyl-3-ethylhexane 671.22 1.852 0.375 170.338 0.00068 250.86 
2,2,5,5-tetramethyl-3-ethylhexane 632.16 1.852 0.375 170.338 0.00068 250.86 
2,2,3,4-tetramethyl-3-ethylhexane 665.64 1.852 0.375 170.338 0.00068 250.86 
2,2,4,5-tetramethyl-3-ethylhexane 642.08 1.847 0.404 170.338 0.000679 250.86 
2,2,4,4-tetramethyl-3-isopropylpentane 655.97 1.864 0.347 170.338 0.000674 250.86 
2,2,3,4-tetramethyl-3-isopropylpentane 670.01 1.864 0.347 170.338 0.000674 250.86 
2,3,3,4-tetramethyl-4-ethylhexane 671.22 1.852 0.375 170.338 0.00068 250.86 
2,2,3,5-tetramethyl-4-ethylhexane 643.47 1.847 0.404 170.338 0.000679 250.86 
2,2,3,3-tetramethyl-4-ethylhexane 661.46 1.852 0.375 170.338 0.00068 250.86 
2,2,4,5-tetramethyl-4-ethylhexane 655.88 1.852 0.375 170.338 0.00068 250.86 
2,2,3,4-tetramethyl-4-ethylhexane 671.22 1.852 0.375 170.338 0.00068 250.86 
2,3,3,5-tetramethyl-4-ethylhexane 651.79 1.847 0.404 170.338 0.000679 250.86 
2,2,4,6-tetramethyloctane 631.25 1.834 0.432 170.338 0.000685 250.86 
2,3,5,7-tetramethyloctane 634.39 1.829 0.462 170.338 0.000684 250.86 
2,2,3,6-tetramethyloctane 643.65 1.834 0.432 170.338 0.000685 250.86 
2,2,3,5-tetramethyloctane 640.89 1.834 0.432 170.338 0.000685 250.86 
2,2,3,4-tetramethyloctane 645.03 1.834 0.432 170.338 0.000685 250.86 
2,2,3,3-tetramethyloctane 655.89 1.839 0.403 170.338 0.000686 250.86 
2,2,3,7-tetramethyloctane 643.65 1.834 0.432 170.338 0.000685 250.86 
2,2,4,4-tetramethyloctane 644.8 1.839 0.403 170.338 0.000686 250.86 
2,2,4,5-tetramethyloctane 634 1.834 0.432 170.338 0.000685 250.86 
2,3,4,5-tetramethyloctane 643.97 1.829 0.462 170.338 0.000684 250.86 
2,2,6,7-tetramethyloctane 639.52 1.834 0.432 170.338 0.000685 250.86 
2,4,4,5-tetramethyloctane 639.52 1.834 0.432 170.338 0.000685 250.86 
2,3,6,7-tetramethyloctane 642.6 1.829 0.462 170.338 0.000684 250.86 
2,3,6,6-tetramethyloctane 642.27 1.834 0.432 170.338 0.000685 250.86 
2,3,5,6-tetramethyloctane 641.23 1.829 0.462 170.338 0.000684 250.86 
2,3,5,5-tetramethyloctane 645.03 1.834 0.432 170.338 0.000685 250.86 
2,4,4,7-tetramethyloctane 629.87 1.834 0.432 170.338 0.000685 250.86 
2,3,4,6-tetramethyloctane 641.23 1.829 0.462 170.338 0.000684 250.86 
2,4,5,5-tetramethyloctane 640.89 1.834 0.432 170.338 0.000685 250.86 
2,3,4,4-tetramethyloctane 646.41 1.834 0.432 170.338 0.000685 250.86 
2,3,3,7-tetramethyloctane 646.41 1.834 0.432 170.338 0.000685 250.86 
2,3,3,6-tetramethyloctane 646.41 1.834 0.432 170.338 0.000685 250.86 
2,3,3,5-tetramethyloctane 643.65 1.834 0.432 170.338 0.000685 250.86 
2,3,3,4-tetramethyloctane 653.29 1.834 0.432 170.338 0.000685 250.86 
2,2,7,7-tetramethyloctane 635.1 1.839 0.403 170.338 0.000686 250.86 
2,3,4,7-tetramethyloctane 639.86 1.829 0.462 170.338 0.000684 250.86 
3,3,4,6-tetramethyloctane 646.41 1.834 0.432 170.338 0.000685 250.86 
4,4,5,5-tetramethyloctane 655.89 1.839 0.403 170.338 0.000686 250.86 
3,4,5,6-tetramethyloctane 646.71 1.829 0.462 170.338 0.000684 250.86 
3,4,5,5-tetramethyloctane 647.78 1.834 0.432 170.338 0.000685 250.86 
3,4,4,6-tetramethyloctane 645.03 1.834 0.432 170.338 0.000685 250.86 
3,4,4,5-tetramethyloctane 653.29 1.834 0.432 170.338 0.000685 250.86 
3,3,6,6-tetramethyloctane 641.61 1.839 0.403 170.338 0.000686 250.86 
2,4,4,6-tetramethyloctane 631.25 1.834 0.432 170.338 0.000685 250.86 
3,3,5,5-tetramethyloctane 651.73 1.839 0.403 170.338 0.000686 250.86 
2,4,5,7-tetramethyloctane 629.32 1.829 0.462 170.338 0.000684 250.86 
3,3,4,5-tetramethyloctane 649.16 1.834 0.432 170.338 0.000685 250.86 
3,3,4,4-tetramethyloctane 658.66 1.839 0.403 170.338 0.000686 250.86 
2,5,6,6-tetramethyloctane 646.41 1.834 0.432 170.338 0.000685 250.86 
2,5,5,6-tetramethyloctane 643.65 1.834 0.432 170.338 0.000685 250.86 
2,4,6,6-tetramethyloctane 634 1.834 0.432 170.338 0.000685 250.86 
2,4,5,6-tetramethyloctane 639.86 1.829 0.462 170.338 0.000684 250.86 
3,3,5,6-tetramethyloctane 642.27 1.834 0.432 170.338 0.000685 250.86 
2,2,6,6-tetramethyloctane 635.1 1.839 0.403 170.338 0.000686 250.86 
2,2,5,7-tetramethyloctane 631.25 1.834 0.432 170.338 0.000685 250.86 
2,2,5,6-tetramethyloctane 638.14 1.834 0.432 170.338 0.000685 250.86 
2,2,4,7-tetramethyloctane 630.97 1.834 0.432 170.338 0.000685 250.86 
2,2,5,5-tetramethyloctane 633.71 1.839 0.403 170.338 0.000686 250.86 
3,3,4-triethylhexane 656.25 1.855 0.459 170.338 0.000689 250.86 
2,2,4-trimethyl-3,3-diethylpentane 668.43 1.847 0.376 170.338 0.000671 250.86 
3,4,5-trimethyl-3-ethylheptane 654.67 1.838 0.436 170.338 0.000684 250.86 
2,2,5-trimethyl-3-ethylheptane 638.14 1.831 0.433 170.338 0.000685 250.86 
2,2,6-trimethyl-3-ethylheptane 638.14 1.83 0.436 170.338 0.000686 250.86 
2,3,6-trimethyl-3-ethylheptane 646.41 1.82 0.434 170.338 0.000688 250.86 
2,4,4-trimethyl-3-ethylheptane 643.65 1.821 0.438 170.338 0.000685 250.86 
2,5,5-trimethyl-3-ethylheptane 638.14 1.835 0.428 170.338 0.000683 250.86 
2,2,4-trimethyl-3-ethylheptane 640.89 1.819 0.432 170.338 0.000687 250.86 
2,2,3-trimethyl-3-ethylheptane 655.89 1.828 0.409 170.338 0.000686 250.86 
2,4,5-trimethyl-3-ethylheptane 642.6 1.8 0.459 170.338 0.000685 250.86 
2,3,4-trimethyl-3-ethylheptane 656.05 1.805 0.438 170.338 0.00069 250.86 
3,4,4-trimethyl-3-ethylheptane 662.82 1.804 0.41 170.338 0.000688 250.86 
2,3,5-trimethyl-3-ethylheptane 648.47 1.831 0.433 170.338 0.000685 250.86 
2,4,6-trimethyl-3-ethylheptane 635.76 1.813 0.462 170.338 0.000683 250.86 
2,3,5-trimethyl-3-isopropylhexane 647.63 1.865 0.396 170.338 0.000677 250.86 
2,3,4-trimethyl-3-isopropylhexane 661.49 1.839 0.402 170.338 0.00068 250.86 
2,2,5-trimethyl-3-isopropylhexane 628.22 1.865 0.396 170.338 0.000678 250.86 
2,2,4-trimethyl-3-isopropylhexane 640.7 1.847 0.402 170.338 0.000675 250.86 
2,2,3-trimethyl-3-isopropylhexane 661.46 1.864 0.375 170.338 0.000675 250.86 
2,4,4-trimethyl-3-isopropylhexane 644.85 1.836 0.402 170.338 0.000679 250.86 
2,3,4-trimethyl-4-ethylheptane 649.16 1.831 0.436 170.338 0.000684 250.86 
2,3,6-trimethyl-4-ethylheptane 634.39 1.844 0.461 170.338 0.000682 250.86 
2,3,5-trimethyl-4-ethylheptane 642.6 1.823 0.463 170.338 0.000683 250.86 
2,2,3-trimethyl-4-ethylheptane 642.27 1.854 0.432 170.338 0.000682 250.86 
2,3,3-trimethyl-4-ethylheptane 650.54 1.836 0.429 170.338 0.000687 250.86 
2,5,5-trimethyl-4-ethylheptane 640.89 1.845 0.43 170.338 0.000683 250.86 
2,4,5-trimethyl-4-ethylheptane 645.03 1.843 0.439 170.338 0.000684 250.86 
3,4,5-trimethyl-4-ethylheptane 658.81 1.834 0.435 170.338 0.000684 250.86 
2,2,5-trimethyl-4-ethylheptane 632.63 1.854 0.437 170.338 0.000682 250.86 
2,2,6-trimethyl-4-ethylheptane 624.36 1.856 0.434 170.338 0.000682 250.86 
2,4,6-trimethyl-4-ethylheptane 631.25 1.827 0.435 170.338 0.000692 250.86 
3,3,4-trimethyl-4-ethylheptane 662.82 1.818 0.408 170.338 0.000684 250.86 
3,3,5-trimethyl-4-ethylheptane 647.78 1.847 0.437 170.338 0.000683 250.86 
2,2,4-trimethyl-4-ethylheptane 647.57 1.836 0.407 170.338 0.000683 250.86 
2,2,5-trimethyl-4-isopropylhexane 628.22 1.87 0.397 170.338 0.000677 250.86 
2,3,5-trimethyl-4-isopropylhexane 638.19 1.835 0.421 170.338 0.000678 250.86 
2,2,3-trimethyl-5-ethylheptane 640.89 1.839 0.434 170.338 0.000685 250.86 
2,2,6-trimethyl-5-ethylheptane 634 1.828 0.438 170.338 0.000686 250.86 
2,3,3-trimethyl-5-ethylheptane 643.65 1.854 0.428 170.338 0.000683 250.86 
2,2,4-trimethyl-5-ethylheptane 634 1.846 0.439 170.338 0.000682 250.86 
2,2,5-trimethyl-5-ethylheptane 640.64 1.807 0.419 170.338 0.000688 250.86 
3,4,4-trimethyl-5-ethylheptane 654.67 1.83 0.437 170.338 0.000686 250.86 
2,3,4-trimethyl-5-ethylheptane 643.97 1.825 0.461 170.338 0.000682 250.86 
2,3,6-trimethyl-5-ethylheptane 638.5 1.813 0.456 170.338 0.000687 250.86 
2,4,4-trimethyl-5-ethylheptane 640.89 1.86 0.433 170.338 0.000681 250.86 
3,3,5-trimethyl-5-ethylheptane 658.66 1.813 0.405 170.338 0.000685 250.86 
2,4,5-trimethyl-5-ethylheptane 647.78 1.814 0.438 170.338 0.000685 250.86 
2,3,5-trimethyl-5-ethylheptane 643.65 1.831 0.439 170.338 0.000688 250.86 
3,3,4-trimethyl-5-ethylheptane 650.54 1.855 0.431 170.338 0.000681 250.86 
2,7,7-trimethylnonane 643.92 1.821 0.46 170.338 0.000692 250.86 
3,4,6-trimethylnonane 640.25 1.804 0.483 170.338 0.000689 250.86 
2,4,6-trimethylnonane 633.44 1.807 0.491 170.338 0.000692 250.86 
3,5,7-trimethylnonane 637.53 1.813 0.49 170.338 0.000691 250.86 
2,4,7-trimethylnonane 636.16 1.8 0.488 170.338 0.000691 250.86 
2,4,8-trimethylnonane 632.08 1.805 0.497 170.338 0.000693 250.86 
3,5,6-trimethylnonane 640.25 1.799 0.488 170.338 0.000687 250.86 
2,5,5-trimethylnonane 634.33 1.831 0.465 170.338 0.000689 250.86 
3,5,5-trimethylnonane 635.7 1.835 0.462 170.338 0.000689 250.86 
2,4,5-trimethylnonane 637.53 1.808 0.492 170.338 0.000689 250.86 
3,4,7-trimethylnonane 644.34 1.82 0.489 170.338 0.000684 250.86 
3,3,6-trimethylnonane 645.29 1.824 0.457 170.338 0.000689 250.86 
3,4,5-trimethylnonane 644.34 1.806 0.49 170.338 0.000688 250.86 
3,4,4-trimethylnonane 648.03 1.841 0.463 170.338 0.00069 250.86 
3,3,7-trimethylnonane 641.18 1.837 0.461 170.338 0.000688 250.86 
3,3,4-trimethylnonane 650.77 1.834 0.459 170.338 0.000689 250.86 
2,6,7-trimethylnonane 642.97 1.818 0.494 170.338 0.000689 250.86 
2,6,6-trimethylnonane 634.33 1.838 0.465 170.338 0.000689 250.86 
2,5,8-trimethylnonane 633.44 1.777 0.494 170.338 0.000695 250.86 
2,5,7-trimethylnonane 636.16 1.816 0.49 170.338 0.000692 250.86 
2,5,6-trimethylnonane 638.89 1.799 0.49 170.338 0.00069 250.86 
2,3,4-trimethylnonane 644.34 1.807 0.492 170.338 0.000689 250.86 
3,3,5-trimethylnonane 634.33 1.82 0.458 170.338 0.000691 250.86 
2,2,5-trimethylnonane 635.7 1.803 0.464 170.338 0.000691 250.86 
2,2,6-trimethylnonane 634.33 1.812 0.465 170.338 0.000692 250.86 
2,2,7-trimethylnonane 641.18 1.812 0.465 170.338 0.000694 250.86 
2,2,4-trimethylnonane 635.7 1.817 0.467 170.338 0.000692 250.86 
2,2,8-trimethylnonane 641.18 1.805 0.469 170.338 0.000694 250.86 
3,6,6-trimethylnonane 634.33 1.828 0.462 170.338 0.000687 250.86 
2,3,3-trimethylnonane 650.77 1.831 0.46 170.338 0.000692 250.86 
2,2,3-trimethylnonane 648.03 1.827 0.462 170.338 0.000692 250.86 
2,3,5-trimethylnonane 638.89 1.815 0.485 170.338 0.00069 250.86 
4,5,6-trimethylnonane 641.61 1.784 0.49 170.338 0.00069 250.86 
4,5,5-trimethylnonane 645.29 1.84 0.46 170.338 0.000687 250.86 
2,3,6-trimethylnonane 641.61 1.8 0.489 170.338 0.00069 250.86 
2,3,7-trimethylnonane 645.7 1.82 0.484 170.338 0.000691 250.86 
4,4,6-trimethylnonane 635.7 1.83 0.461 170.338 0.000689 250.86 
2,3,8-trimethylnonane 644.34 1.795 0.492 170.338 0.000694 250.86 
4,4,5-trimethylnonane 645.29 1.834 0.46 170.338 0.000688 250.86 
2,4,4-trimethylnonane 634.33 1.832 0.465 170.338 0.000691 250.86 
2,4-dimethylundecane 653.35 1.666 0.558 184.365 0.000752 271.38 
2,2-dimethylundecane 663.4 1.67 0.529 184.365 0.000753 271.38 
2,3-dimethylundecane 669.37 1.666 0.558 184.365 0.000752 271.38 
2-methyldodecane 668.02 1.655 0.586 184.365 0.000758 271.38 
3-methyldodecane 669.09 1.655 0.586 184.365 0.000758 271.38 
2,6,8-trimethyldecane 650.46 1.686 0.531 184.365 0.000743 271.38 
2,2,8-trimethyldecane 656.93 1.687 0.501 184.365 0.000747 271.38 
2,6,7-trimethyldecane 658.96 1.681 0.528 184.365 0.000745 271.38 
2,2,9-trimethyldecane 656.46 1.676 0.501 184.365 0.000749 271.38 
2,3,4-trimethyldecane 662.66 1.661 0.528 184.365 0.000746 271.38 
2,2,4-trimethyldecane 651.85 1.68 0.501 184.365 0.000747 271.38 
3,3,4-trimethyldecane 666.48 1.691 0.496 184.365 0.000745 271.38 
3,5,7-trimethyldecane 651.33 1.687 0.528 184.365 0.000745 271.38 
2,4,6-trimethyldecane 649.27 1.679 0.529 184.365 0.000746 271.38 
2,5,9-trimethyldecane 653.04 1.665 0.53 184.365 0.000751 271.38 
2,6,6-trimethyldecane 652.97 1.703 0.502 184.365 0.000744 271.38 
2,3,7-trimethyldecane 658.95 1.676 0.518 184.365 0.000745 271.38 
2,2,6-trimethyldecane 653.01 1.672 0.498 184.365 0.000746 271.38 
2,3,5-trimethyldecane 653.41 1.683 0.522 184.365 0.000741 271.38 
2,2,3-trimethyldecane 667.47 1.694 0.494 184.365 0.000746 271.38 
2,5,6-trimethyldecane 654.46 1.668 0.529 184.365 0.000744 271.38 
2,2,5-trimethyldecane 651.57 1.673 0.499 184.365 0.000744 271.38 
3,3,8-trimethyldecane 661.03 1.686 0.494 184.365 0.000746 271.38 
2,2,7-trimethyldecane 655.46 1.662 0.494 184.365 0.000748 271.38 
2,3,8-trimethyldecane 665.69 1.67 0.525 184.365 0.000747 271.38 
2,3,6-trimethyldecane 656.34 1.662 0.526 184.365 0.000744 271.38 
3,3,5-trimethyldecane 653.9 1.696 0.496 184.365 0.000742 271.38 
2,7,7-trimethyldecane 654.17 1.688 0.495 184.365 0.000746 271.38 
2,5,8-trimethyldecane 656.17 1.659 0.525 184.365 0.000745 271.38 
3,3,6-trimethyldecane 654.62 1.683 0.493 184.365 0.000743 271.38 
2,8,8-trimethyldecane 657.04 1.693 0.498 184.365 0.000745 271.38 
2,3,9-trimethyldecane 659.03 1.671 0.525 184.365 0.00075 271.38 
2,4,8-trimethyldecane 651.93 1.677 0.527 184.365 0.000745 271.38 
4,5,6-trimethyldecane 657.55 1.663 0.534 184.365 0.000745 271.38 
5,5,6-trimethyldecane 654.25 1.695 0.499 184.365 0.000743 271.38 
3,3,7-trimethyldecane 657.58 1.699 0.494 184.365 0.000743 271.38 
3,6,7-trimethyldecane 656.27 1.67 0.53 184.365 0.000741 271.38 
3,7,7-trimethyldecane 654.72 1.704 0.497 184.365 0.00074 271.38 
4,4,6-trimethyldecane 650.69 1.698 0.497 184.365 0.000744 271.38 
2,7,8-trimethyldecane 664.67 1.669 0.528 184.365 0.000746 271.38 
2,4,4-trimethyldecane 654.18 1.69 0.5 184.365 0.000748 271.38 
2,4,9-trimethyldecane 654.58 1.658 0.528 184.365 0.00075 271.38 
2,5,7-trimethyldecane 651.73 1.672 0.525 184.365 0.000747 271.38 
3,4,6-trimethyldecane 653.92 1.672 0.523 184.365 0.000742 271.38 
4,5,5-trimethyldecane 658.71 1.71 0.498 184.365 0.000742 271.38 
4,6,6-trimethyldecane 648.74 1.702 0.5 184.365 0.000743 271.38 
2,4,7-trimethyldecane 654.97 1.662 0.52 184.365 0.000746 271.38 
2,3,3-trimethyldecane 670.81 1.699 0.493 184.365 0.000746 271.38 
4,4,7-trimethyldecane 651.89 1.685 0.494 184.365 0.000743 271.38 
2,5,5-trimethyldecane 652.03 1.699 0.5 184.365 0.000743 271.38 
3,4,4-trimethyldecane 666.76 1.695 0.497 184.365 0.000746 271.38 
3,4,8-trimethyldecane 656.8 1.68 0.522 184.365 0.000742 271.38 
3,5,5-trimethyldecane 652.35 1.711 0.502 184.365 0.000742 271.38 
3,5,6-trimethyldecane 653.22 1.669 0.53 184.365 0.00074 271.38 
3,5,8-trimethyldecane 655.58 1.673 0.525 184.365 0.000741 271.38 
3,6,6-trimethyldecane 650.13 1.695 0.5 184.365 0.000741 271.38 
3,4,5-trimethyldecane 658.63 1.67 0.532 184.365 0.000742 271.38 
3,4,7-trimethyldecane 657.12 1.666 0.527 184.365 0.000741 271.38 
4,5,7-trimethyldecane 654.68 1.677 0.522 184.365 0.000743 271.38 
4,4,6,6-tetramethylnonane 661.62 1.698 0.436 184.365 0.000734 271.38 
2,2,6,8-tetramethylnonane 645.75 1.67 0.468 184.365 0.000742 271.38 
2,4,6,8-tetramethylnonane 641.68 1.673 0.495 184.365 0.000741 271.38 
2,2,8,8-tetramethylnonane 649.66 1.663 0.445 184.365 0.000741 271.38 
3,3,7,7-tetramethylnonane 653.46 1.695 0.442 184.365 0.000736 271.38 
3,3,6,6-tetramethylnonane 650.94 1.696 0.44 184.365 0.000738 271.38 
2,3,6,7-tetramethylnonane 655.97 1.672 0.497 184.365 0.00074 271.38 
3,4,5,5-tetramethylnonane 654.42 1.68 0.474 184.365 0.00074 271.38 
2,3,3,4-tetramethylnonane 662.2 1.692 0.465 184.365 0.000744 271.38 
2,2,4,7-tetramethylnonane 652.77 1.673 0.462 184.365 0.000743 271.38 
2,2,4,5-tetramethylnonane 652.67 1.694 0.469 184.365 0.00074 271.38 
2,2,6,7-tetramethylnonane 657.54 1.697 0.47 184.365 0.00074 271.38 
2,5,5,6-tetramethylnonane 653.91 1.693 0.463 184.365 0.000741 271.38 
3,5,5,7-tetramethylnonane 645.88 1.709 0.474 184.365 0.00074 271.38 
2,2,7,8-tetramethylnonane 654.83 1.676 0.466 184.365 0.000744 271.38 
2,4,4,5-tetramethylnonane 656.09 1.698 0.465 184.365 0.00074 271.38 
2,6,7,7-tetramethylnonane 660.26 1.688 0.461 184.365 0.000741 271.38 
3,3,4,6-tetramethylnonane 657.13 1.687 0.465 184.365 0.000739 271.38 
4,4,5,5-tetramethylnonane 667.63 1.701 0.439 184.365 0.000739 271.38 
2,2,7,7-tetramethylnonane 653.31 1.675 0.438 184.365 0.000746 271.38 
2,3,4,5-tetramethylnonane 654.04 1.657 0.502 184.365 0.000742 271.38 
2,3,7,8-tetramethylnonane 657.18 1.669 0.493 184.365 0.000742 271.38 
2,4,4,7-tetramethylnonane 652.86 1.691 0.464 184.365 0.000741 271.38 
2,4,7,7-tetramethylnonane 649.75 1.673 0.462 184.365 0.000742 271.38 
2,6,6,7-tetramethylnonane 661.82 1.713 0.468 184.365 0.000738 271.38 
3,3,5,6-tetramethylnonane 654.89 1.686 0.467 184.365 0.000739 271.38 
3,5,6,6-tetramethylnonane 655.45 1.703 0.468 184.365 0.000736 271.38 
2,2,6,6-tetramethylnonane 655.63 1.698 0.444 184.365 0.000739 271.38 
3,4,5,6-tetramethylnonane 657.38 1.655 0.503 184.365 0.00074 271.38 
2,2,5,8-tetramethylnonane 651.93 1.656 0.464 184.365 0.000745 271.38 
2,2,5,5-tetramethylnonane 649.02 1.698 0.446 184.365 0.000741 271.38 
2,3,5,5-tetramethylnonane 651.88 1.695 0.468 184.365 0.00074 271.38 
2,4,4,6-tetramethylnonane 653.2 1.682 0.462 184.365 0.000741 271.38 
2,5,5,8-tetramethylnonane 638.87 1.672 0.465 184.365 0.000744 271.38 
3,3,4,4-tetramethylnonane 669.93 1.698 0.44 184.365 0.000741 271.38 
4,4,5,6-tetramethylnonane 659.64 1.694 0.471 184.365 0.000738 271.38 
2,2,3,4-tetramethylnonane 661.89 1.699 0.471 184.365 0.00074 271.38 
2,2,4,4-tetramethylnonane 657.37 1.692 0.442 184.365 0.00074 271.38 
2,3,4,8-tetramethylnonane 656.45 1.678 0.493 184.365 0.000743 271.38 
2,2,4,8-tetramethylnonane 649.23 1.656 0.464 184.365 0.000745 271.38 
2,2,3,7-tetramethylnonane 661.36 1.683 0.461 184.365 0.000743 271.38 
2,2,3,5-tetramethylnonane 654.59 1.694 0.463 184.365 0.000741 271.38 
2,2,5,7-tetramethylnonane 647.72 1.682 0.467 184.365 0.000743 271.38 
2,3,4,4-tetramethylnonane 661.46 1.697 0.472 184.365 0.000741 271.38 
2,3,5,6-tetramethylnonane 653.75 1.676 0.497 184.365 0.000739 271.38 
2,3,5,8-tetramethylnonane 652.43 1.663 0.491 184.365 0.000742 271.38 
2,3,6,6-tetramethylnonane 655.83 1.691 0.467 184.365 0.000739 271.38 
2,3,6,8-tetramethylnonane 652.16 1.671 0.491 184.365 0.000743 271.38 
2,3,7,7-tetramethylnonane 661.55 1.696 0.465 184.365 0.000741 271.38 
2,4,5,6-tetramethylnonane 654.99 1.678 0.499 184.365 0.000741 271.38 
2,5,5,7-tetramethylnonane 650.86 1.701 0.465 184.365 0.00074 271.38 
2,5,6,7-tetramethylnonane 657.26 1.671 0.499 184.365 0.000739 271.38 
3,3,5,5-tetramethylnonane 654.38 1.697 0.441 184.365 0.000741 271.38 
3,3,6,7-tetramethylnonane 654.46 1.689 0.47 184.365 0.000736 271.38 
3,4,4,7-tetramethylnonane 655.81 1.693 0.469 184.365 0.000736 271.38 
3,4,6,6-tetramethylnonane 652.67 1.698 0.47 184.365 0.000736 271.38 
3,5,5,6-tetramethylnonane 657.07 1.7 0.468 184.365 0.000738 271.38 
3,4,6,7-tetramethylnonane 653.96 1.672 0.5 184.365 0.000733 271.38 
3,4,5,7-tetramethylnonane 658.85 1.681 0.499 184.365 0.000736 271.38 
2,4,5,7-tetramethylnonane 645.94 1.685 0.493 184.365 0.000739 271.38 
2,4,5,8-tetramethylnonane 648.54 1.677 0.496 184.365 0.000742 271.38 
2,4,6,7-tetramethylnonane 654.09 1.685 0.497 184.365 0.000738 271.38 
2,2,3,3-tetramethylnonane 670.59 1.703 0.437 184.365 0.000744 271.38 
2,2,3,6-tetramethylnonane 663.24 1.683 0.46 184.365 0.000741 271.38 
2,3,3,6-tetramethylnonane 657.39 1.681 0.459 184.365 0.000741 271.38 
2,3,3,8-tetramethylnonane 658.44 1.678 0.459 184.365 0.000746 271.38 
2,3,4,6-tetramethylnonane 655.07 1.677 0.494 184.365 0.00074 271.38 
2,3,5,7-tetramethylnonane 654.07 1.69 0.497 184.365 0.000743 271.38 
2,4,6,6-tetramethylnonane 650.39 1.696 0.465 184.365 0.000739 271.38 
3,3,4,5-tetramethylnonane 656.27 1.676 0.471 184.365 0.000741 271.38 
3,3,4,7-tetramethylnonane 660.2 1.686 0.468 184.365 0.000739 271.38 
3,3,5,7-tetramethylnonane 649.81 1.696 0.47 184.365 0.00074 271.38 
3,4,4,5-tetramethylnonane 660.74 1.685 0.47 184.365 0.000743 271.38 
2,3,4,7-tetramethylnonane 655.68 1.662 0.497 184.365 0.00074 271.38 
2,4,4,8-tetramethylnonane 649.73 1.686 0.466 184.365 0.000743 271.38 
2,3,3,5,5-pentamethyloctane 667.84 1.692 0.403 184.365 0.000733 271.38 
3,3,4,5,6-pentamethyloctane 663.16 1.678 0.445 184.365 0.000734 271.38 
2,3,4,5,6-pentamethyloctane 662.82 1.663 0.472 184.365 0.000736 271.38 
2,3,3,6,6-pentamethyloctane 665.94 1.693 0.409 184.365 0.000734 271.38 
2,2,5,6,6-pentamethyloctane 660.7 1.689 0.408 184.365 0.000735 271.38 
2,3,4,5,5-pentamethyloctane 662.68 1.688 0.44 184.365 0.000736 271.38 
2,2,4,4,6-pentamethyloctane 657.64 1.708 0.411 184.365 0.000736 271.38 
2,3,3,4,4-pentamethyloctane 672.91 1.691 0.409 184.365 0.000739 271.38 
2,3,4,4,5-pentamethyloctane 668.98 1.686 0.434 184.365 0.000739 271.38 
2,2,3,4,5-pentamethyloctane 667.62 1.685 0.438 184.365 0.000736 271.38 
2,2,3,4,6-pentamethyloctane 663.3 1.696 0.435 184.365 0.000733 271.38 
2,2,3,5,7-pentamethyloctane 660.32 1.688 0.427 184.365 0.000737 271.38 
2,2,4,5,6-pentamethyloctane 659.19 1.703 0.442 184.365 0.000733 271.38 
2,2,4,6,6-pentamethyloctane 655.96 1.691 0.408 184.365 0.000738 271.38 
2,3,3,5,7-pentamethyloctane 659.51 1.702 0.43 184.365 0.000736 271.38 
2,3,3,6,7-pentamethyloctane 659.79 1.698 0.432 184.365 0.000737 271.38 
2,3,5,5,6-pentamethyloctane 662.71 1.694 0.433 184.365 0.000734 271.38 
2,3,5,5,7-pentamethyloctane 656 1.699 0.427 184.365 0.000736 271.38 
2,4,5,5,6-pentamethyloctane 664.02 1.705 0.436 184.365 0.000735 271.38 
3,3,4,5,5-pentamethyloctane 669.64 1.686 0.413 184.365 0.000737 271.38 
3,3,4,6,6-pentamethyloctane 661.7 1.683 0.413 184.365 0.000734 271.38 
2,2,3,3,7-pentamethyloctane 672.72 1.699 0.401 184.365 0.00074 271.38 
2,2,4,5,5-pentamethyloctane 666.7 1.707 0.406 184.365 0.000733 271.38 
2,3,4,6,6-pentamethyloctane 658.86 1.686 0.439 184.365 0.000734 271.38 
3,3,4,4,6-pentamethyloctane 669.51 1.696 0.413 184.365 0.000737 271.38 
2,2,4,5,7-pentamethyloctane 655.81 1.692 0.425 184.365 0.000736 271.38 
2,2,3,3,4-pentamethyloctane 676.16 1.698 0.409 184.365 0.000738 271.38 
2,2,3,5,6-pentamethyloctane 663.8 1.706 0.438 184.365 0.000732 271.38 
2,2,4,4,7-pentamethyloctane 654.99 1.679 0.404 184.365 0.00074 271.38 
2,3,4,4,7-pentamethyloctane 657.08 1.694 0.427 184.365 0.000738 271.38 
2,4,4,5,7-pentamethyloctane 657.79 1.704 0.427 184.365 0.000738 271.38 
3,3,4,4,5-pentamethyloctane 674.63 1.68 0.415 184.365 0.000741 271.38 
2,2,3,6,7-pentamethyloctane 663.05 1.691 0.429 184.365 0.000738 271.38 
2,4,4,5,5-pentamethyloctane 671.79 1.702 0.401 184.365 0.000735 271.38 
2,2,6,6,7-pentamethyloctane 663.81 1.705 0.408 184.365 0.000736 271.38 
2,2,3,3,6-pentamethyloctane 670.73 1.703 0.408 184.365 0.000736 271.38 
2,2,3,4,7-pentamethyloctane 659.6 1.684 0.429 184.365 0.00074 271.38 
2,2,5,5,7-pentamethyloctane 654.52 1.686 0.407 184.365 0.000738 271.38 
2,3,3,4,6-pentamethyloctane 665.63 1.695 0.437 184.365 0.000735 271.38 
2,3,3,4,7-pentamethyloctane 661.56 1.685 0.429 184.365 0.00074 271.38 
2,3,3,5,6-pentamethyloctane 660.89 1.702 0.437 184.365 0.000736 271.38 
2,3,4,5,7-pentamethyloctane 657.66 1.694 0.462 184.365 0.000738 271.38 
2,3,5,6,6-pentamethyloctane 661.18 1.697 0.438 184.365 0.000735 271.38 
3,4,4,5,6-pentamethyloctane 660.76 1.687 0.446 184.365 0.000736 271.38 
2,2,4,6,7-pentamethyloctane 656.12 1.695 0.43 184.365 0.000735 271.38 
2,2,5,6,7-pentamethyloctane 654.61 1.694 0.434 184.365 0.000736 271.38 
3,3,5,5,6-pentamethyloctane 664.21 1.697 0.414 184.365 0.000733 271.38 
2,2,3,7,7-pentamethyloctane 659.82 1.705 0.404 184.365 0.000739 271.38 
2,4,4,6,6-pentamethyloctane 658.53 1.697 0.405 184.365 0.000738 271.38 
2,3,3,4,5-pentamethyloctane 666.35 1.681 0.437 184.365 0.000741 271.38 
2,3,4,4,6-pentamethyloctane 661.6 1.699 0.437 184.365 0.000735 271.38 
2,3,4,6,7-pentamethyloctane 653.23 1.685 0.466 184.365 0.000735 271.38 
2,2,4,7,7-pentamethyloctane 649.51 1.671 0.403 184.365 0.000742 271.38 
2,2,3,5,5-pentamethyloctane 665.34 1.705 0.405 184.365 0.000732 271.38 
2,2,3,6,6-pentamethyloctane 663.8 1.695 0.407 184.365 0.000735 271.38 
2,2,5,5,6-pentamethyloctane 658.69 1.713 0.414 184.365 0.000732 271.38 
2,4,4,5,6-pentamethyloctane 659.87 1.701 0.439 184.365 0.000735 271.38 
2,4,5,6,6-pentamethyloctane 659.84 1.695 0.439 184.365 0.000735 271.38 
3,4,4,5,5-pentamethyloctane 674.51 1.694 0.415 184.365 0.000737 271.38 
2,2,3,4,6,6-hexamethylheptane 657 1.725 0.381 184.365 0.000727 271.38 
2,2,4,4,6,6-hexamethylheptane 656.78 1.712 0.348 184.365 0.000728 271.38 
2,3,3,5,5,6-hexamethylheptane 672.76 1.688 0.372 184.365 0.00073 271.38 
2,2,3,5,5,6-hexamethylheptane 664.27 1.702 0.376 184.365 0.000728 271.38 
2,2,3,3,4,5-hexamethylheptane 677.34 1.695 0.387 184.365 0.000734 271.38 
2,3,4,4,5,5-hexamethylheptane 678.38 1.683 0.385 184.365 0.000734 271.38 
2,2,3,3,5,6-hexamethylheptane 668.68 1.702 0.376 184.365 0.000732 271.38 
2,2,3,4,5,6-hexamethylheptane 664.07 1.696 0.408 184.365 0.00073 271.38 
2,3,3,4,4,6-hexamethylheptane 678.91 1.696 0.372 184.365 0.000731 271.38 
2,2,3,3,6,6-hexamethylheptane 662.59 1.732 0.351 184.365 0.000728 271.38 
2,2,3,5,6,6-hexamethylheptane 658.62 1.731 0.376 184.365 0.000725 271.38 
3,3,4,4,5,5-hexamethylheptane 696.2 1.678 0.357 184.365 0.000736 271.38 
2,2,3,4,4,5-hexamethylheptane 678.87 1.701 0.384 184.365 0.000732 271.38 
2,2,4,4,5,5-hexamethylheptane 671.86 1.708 0.351 184.365 0.000735 271.38 
2,3,4,4,5,6-hexamethylheptane 672.75 1.71 0.406 184.365 0.000734 271.38 
2,2,3,3,4,6-hexamethylheptane 675.71 1.709 0.374 184.365 0.000731 271.38 
2,2,4,4,5,6-hexamethylheptane 661.72 1.711 0.38 184.365 0.000729 271.38 
2,3,3,4,5,5-hexamethylheptane 681.03 1.677 0.38 184.365 0.000735 271.38 
2,2,3,3,4,4-hexamethylheptane 689.74 1.712 0.351 184.365 0.000731 271.38 
2,2,3,3,5,5-hexamethylheptane 671.8 1.695 0.35 184.365 0.000733 271.38 
2,2,3,4,4,6-hexamethylheptane 666.97 1.7 0.374 184.365 0.000731 271.38 
2,2,3,4,5,5-hexamethylheptane 670.69 1.686 0.387 184.365 0.000734 271.38 
2,3,3,4,4,5-hexamethylheptane 682.18 1.688 0.385 184.365 0.000734 271.38 
2,3,3,4,5,6-hexamethylheptane 670.07 1.7 0.407 184.365 0.000733 271.38 
2,2-dimethyldodecane 679.98 1.546 0.566 198.392 0.000809 291.9 
2,4-dimethyldodecane 668.89 1.543 0.595 198.392 0.000808 291.9 
2,3-dimethyldodecane 686.04 1.543 0.595 198.392 0.000808 291.9 
2-methyltridecane 684.08 1.533 0.622 198.392 0.000814 291.9 
3-methyltridecane 685.13 1.533 0.622 198.392 0.000814 291.9 
2,3-dimethyltridecane 701.64 1.433 0.629 212.419 0.000864 312.42 
2,2-dimethyltridecane 694.17 1.436 0.601 212.419 0.000865 312.42 
2,4-dimethyltridecane 683.39 1.433 0.629 212.419 0.000864 312.42 
2-methyltetradecane 698.98 1.424 0.654 212.419 0.00087 312.42 
3-methyltetradecane 700.41 1.424 0.654 212.419 0.00087 312.42 
2,2-dimethyltetradecane 708.68 1.337 0.632 226.446 0.000921 332.94 
2,4-dimethyltetradecane 695.62 1.334 0.659 226.446 0.00092 332.94 
2,3-dimethyltetradecane 716.26 1.334 0.659 226.446 0.00092 332.94 
3-methylpentadecane 713.56 1.326 0.683 226.446 0.000926 332.94 
2-methylpentadecane 713.05 1.326 0.683 226.446 0.000926 332.94 
2,2,4,4,6,8,8-heptamethylnonane 692 1.57 0.548 226.446 0.000892 332.94 
2,3-dimethylpentadecane 729.97 1.245 0.685 240.473 0.000976 353.46 
2,4-dimethylpentadecane 708.24 1.245 0.685 240.473 0.000976 353.46 
2,2-dimethylpentadecane 722.25 1.248 0.66 240.473 0.000977 353.46 
2-methylhexadecane 726.23 1.238 0.708 240.473 0.000982 353.46 
3-methylhexadecane 727.5 1.238 0.708 240.473 0.000982 353.46 
2,2-dimethylhexadecane 734.97 1.167 0.683 254.5 0.00103 373.98 
2,3-dimethylhexadecane 742.82 1.165 0.706 254.5 0.00103 373.98 
2,4-dimethylhexadecane 720.01 1.165 0.706 254.5 0.00103 373.98 
2-methylheptadecane 739.33 1.159 0.727 254.5 0.00104 373.98 
3-methylheptadecane 740.59 1.159 0.727 254.5 0.00104 373.98 
2,2-dimethylheptadecane 746.87 1.094 0.701 268.527 0.00109 394.5 
2,4-dimethylheptadecane 730.99 1.092 0.722 268.527 0.00109 394.5 
2,3-dimethylheptadecane 754.89 1.092 0.722 268.527 0.00109 394.5 
3-methyloctadecane 752.9 1.086 0.741 268.527 0.00109 394.5 
2-methyloctadecane 751.64 1.086 0.741 268.527 0.00109 394.5 
2,4-dimethyloctadecane 742.46 1.026 0.732 282.553 0.00114 415.02 
2,3-dimethyloctadecane 767.45 1.026 0.732 282.553 0.00114 415.02 
2,2-dimethyloctadecane 759.27 1.028 0.713 282.553 0.00114 415.02 
3-methylnonadecane 764.46 1.021 0.748 282.553 0.00115 415.02 
2-methylnonadecane 763.21 1.021 0.748 282.553 0.00115 415.02 
2,6,10,14-tetramethylhexadecane 712.1681 1.0672 0.69093 282.5 0.0011029 415.02 
2,6,11,15-tetramethylhexadecane 722.8129 1.0691 0.69093 282.5 0.0010515 415.02 
2,2,3-trimethylheptadecane 753.1414 1.0619 0.70285 282.5 0.0011053 415.02 
4,8,12-trimethylheptadecane 711.9065 1.0634 0.70997 282.5 0.0011015 415.02 
2,2,15,15-tetramethylhexadecane 744.8141 1.0592 0.68809 282.5 0.0010552 415.02 
2,6,10,15-tetramethylhexadecane 731.1794 1.0768 0.69093 282.5 0.0011015 415.02 
2,3,4,6-tetramethylhexadecane 715.1095 1.0468 0.69973 282.5 0.0011029 415.02 
2,2,4,4,6,6,8,8,10-nonamethylundecane 714.77 1.0873 0.54921 282.5 0.00097451 415.02 
2,6,11-trimethylheptadecane 726.5686 1.0597 0.71726 282.5 0.0011015 415.02 
3,7,11,11-tetramethylhexadecane 700.6663 1.0836 0.69093 282.5 0.0010614 415.02 
7,8,9,10-tetramethylhexadecane 699.7226 1.0434 0.69255 282.5 0.0011029 415.02 
2,4,6-trimethylheptadecane 715.0786 1.0556 0.71726 282.5 0.0011015 415.02 
2,2,4,7,10,12,12-heptamethyltridecane 754.4824 1.082 0.5916 282.5 0.00098025 415.02 
2,5,12,15-tetramethylhexadecane 737.5062 1.0622 0.68206 282.5 0.0010567 415.02 
3,6,10,14-tetramethylhexadecane 715.0078 1.0567 0.69093 282.5 0.0010574 415.02 
2,5,11-trimethylheptadecane 726.2891 1.0551 0.71726 282.5 0.0011015 415.02 
2,4,6,10-tetramethylhexadecane 701.6862 1.0747 0.69255 282.5 0.0011055 415.02 
3,4,5,6,9,10,11-heptamethyltridecane 705.4056 1.011 0.64828 282.5 0.0010466 415.02 
2,4,6,8,11,12-hexamethyltetradecane 705.6565 1.0798 0.66622 282.5 0.0011029 415.02 
6,6,11,11-tetramethylhexadecane 716.7243 1.0693 0.6823 282.5 0.0010614 415.02 
2,6,7,8,8,12-hexamethyltetradecane 718.8888 1.1037 0.65229 282.5 0.0010589 415.02 
5,5,11,11-tetramethylhexadecane 712.797 1.0707 0.68283 282.5 0.0010614 415.02 
2,4,6,9,11,13-hexamethyltetradecane 712.5573 1.0614 0.66698 282.5 0.0010951 415.02 
2,13,14-trimethylheptadecane 734.5945 1.0638 0.71893 282.5 0.0011068 415.02 
3,13,14-trimethylheptadecane 734.1716 1.0547 0.71893 282.5 0.0011053 415.02 
3,4,14-trimethylheptadecane 729.3661 1.0515 0.71726 282.5 0.0011068 415.02 
3,4,15-trimethylheptadecane 744.038 1.0503 0.72043 282.5 0.0011053 415.02 
4,12,13-trimethylheptadecane 724.9235 1.059 0.71893 282.5 0.0011015 415.02 
4,5,13-trimethylheptadecane 724.4352 1.0498 0.71893 282.5 0.0011015 415.02 
4,5,14-trimethylheptadecane 728.9951 1.055 0.71893 282.5 0.0011068 415.02 
4,6,8,10,12-pentamethylpentadecane 696.5533 1.0722 0.66781 282.5 0.0011029 415.02 
3,3,14,14-tetramethylhexadecane 717.5711 1.0595 0.69093 282.5 0.0010612 415.02 
2,3,3-trimethylheptadecane 750.3914 1.0581 0.70285 282.5 0.0011053 415.02 
2,2,3,3,4,4,5,5-octamethyldodecane 715.8924 1.0182 0.5643 282.5 0.0010466 415.02 
2,3,4,5,6,7,8,9,10-nonamethylundecane 710.1688 0.97111 0.57035 282.5 0.0010449 415.02 
2,2,4,4-tetramethylhexadecane 722.2786 1.0629 0.69093 282.5 0.0010994 415.02 
3,4,5,6,7,8,9,10-octamethyldodecane 692.776 0.97382 0.5869 282.5 0.0010466 415.02 
2,2,4,4,6,6,8,10,10-nonamethylundecane 717.6593 1.1174 0.54921 282.5 0.00097451 415.02 
2,4,7,8,10,12-hexamethyltetradecane 707.294 1.0669 0.66781 282.5 0.0010589 415.02 
2,4,5,7,8,8,12-heptamethyltridecane 712.7591 1.082 0.6047 282.5 0.0010589 415.02 
2,4,6,8,10,12-hexamethyltetradecane 699.0331 1.0546 0.66622 282.5 0.0011029 415.02 
2,4,6,12,14-pentamethylpentadecane 709.3827 1.0652 0.69255 282.5 0.0011007 415.02 
2,2,3,4,6,6,7,8,10-nonamethylundecane 714.4195 1.0647 0.54781 282.5 0.00098235 415.02 
2,4,16-trimethylheptadecane 738.3848 1.0619 0.71893 282.5 0.0011068 415.02 
2,2,4,4,6,8,8,10,10-nonamethylundecane 718.9423 1.0348 0.58007 282.5 0.0010486 415.02 
2,2,3,5,7,8,9,9,10-nonamethylundecane 715.4043 1.0719 0.65229 282.5 0.0010589 415.02 
2,3,5,6,6,10-hexamethyltetradecane 699.7843 1.069 0.6917 282.5 0.0011015 415.02 
3,7,11,13-tetramethylhexadecane 736.5416 1.0378 0.71726 282.5 0.0011015 415.02 
3,4,5-trimethylheptadecane 715.7637 1.0556 0.71893 282.5 0.0011055 415.02 
3,6,8-trimethylheptadecane 721.5845 1.0464 0.71726 282.5 0.0011015 415.02 
4,5,6-trimethylheptadecane 702.78 1.0873 0.69255 282.5 0.0011015 415.02 
8,8,10-trimethylheptadecane 707.7337 1.0509 0.5714 282.5 0.000984 415.02 
2,3,5,6,6,7,8,10-octamethyldodecane 718.9431 1.0531 0.66874 282.5 0.0010589 415.02 
2,5,6,9,10,13-hexamethyltetradecane 712.4187 1.0538 0.71893 282.5 0.0011015 415.02 
5,7,8-trimethylheptadecane 721.4642 1.0539 0.71893 282.5 0.0011015 415.02 
3,7,14-trimethylheptadecane 694.691 0.98045 0.57351 282.5 0.0010466 415.02 
2,3,4,5,6,7,8,9-octamethyldodecane 722.8357 1.0555 0.66698 282.5 0.0010626 415.02 
3,4,4,10,11,12-hexamethyltetradecane 726.4333 1.0587 0.68367 282.5 0.0010592 415.02 
2,2,11,11-tetramethylhexadecane 725.0411 1.0703 0.69093 282.5 0.0011015 415.02 
2,11,11-trimethylheptadecane 703.1759 1.0425 0.65233 282.5 0.0010589 415.02 
3,4,5,7,8,10-hexamethyltetradecane 712.6623 1.0289 0.66698 282.5 0.0011029 415.02 
2,3,4,5,12-pentamethylpentadecane 697.3761 1.0094 0.58028 282.5 0.0010466 415.02 
2,4,5,6,7,8,9,10-octamethyldodecane 703.4856 1.0655 0.66622 282.5 0.0010589 415.02 
2,5,6,7,9,13-hexamethyltetradecane 713.1918 1.0842 0.69255 282.5 0.0011015 415.02 
7,7,8-trimethylheptadecane 728.6363 1.0591 0.58211 282.5 0.00099196 415.02 
2,2,4,4,9,9,11,11-octamethyldodecane 720.6299 1.0558 0.70997 282.5 0.0011015 415.02 
5,9,13-trimethylheptadecane 700.4313 1.0855 0.65229 282.5 0.0010395 415.02 
3,5,7,7,8,9-hexamethyltetradecane 711.1279 1.0474 0.71726 282.5 0.0011015 415.02 
3,10,12-trimethylheptadecane 734.4426 1.0579 0.71893 282.5 0.0010612 415.02 
2,12,15-trimethylheptadecane 713.2089 1.0682 0.66781 282.5 0.0010589 415.02 
2,8,11,12,13-pentamethylpentadecane 693.6798 1.0661 0.66781 282.5 0.0011029 415.02 
4,7,8,9,11-pentamethylpentadecane 706.5101 1.0507 0.66781 282.5 0.0010589 415.02 
3,6,8,11,12-pentamethylpentadecane 724.4223 1.0794 0.61781 282.5 0.0010589 415.02 
3,3,4,4,8,12-hexamethyltetradecane 732.6449 1.0801 0.69093 282.5 0.0010626 415.02 
2,5,14,14-tetramethylhexadecane 720.1525 1.0535 0.71893 282.5 0.0011015 415.02 
2,6,9-trimethylheptadecane 709.5814 1.0584 0.66781 282.5 0.0010955 415.02 
4,5,6,11,11-pentamethylpentadecane 720.9027 1.0858 0.66781 282.5 0.0010589 415.02 
2,3,3,7,7-pentamethylpentadecane 713.0194 1.0707 0.66781 282.5 0.0010589 415.02 
2,6,7,10,14-pentamethylpentadecane 731.5649 1.0508 0.71893 282.5 0.0011053 415.02 
2,4,15-trimethylheptadecane 726.1148 1.0835 0.69093 282.5 0.0011015 415.02 
2,10,10-trimethylheptadecane 725.7453 1.0594 0.71726 282.5 0.0011015 415.02 
2,11,12-trimethylheptadecane 750.6659 1.0587 0.69239 282.5 0.001105 415.02 
2,3,14,15-tetramethylhexadecane 728.1858 1.0579 0.71726 282.5 0.0011015 415.02 
2,5,6-trimethylheptadecane 731.2183 1.0559 0.71726 282.5 0.0011015 415.02 
2,12,13-trimethylheptadecane 715.0544 1.0445 0.66957 282.5 0.0010589 415.02 
2,5,8,11,12-pentamethylpentadecane 711.1753 1.0592 0.70997 282.5 0.0011015 415.02 
6,8,11-trimethylheptadecane 720.3846 1.0611 0.66698 282.5 0.001105 415.02 
2,3,6,10,11,13-hexamethyltetradecane 712.4112 1.0634 0.70095 282.5 0.0010574 415.02 
6,9,12-trimethylheptadecane 716.2703 1.0479 0.5575 282.5 0.0010466 415.02 
2,2,3,4,6,7,8,9-octamethyldodecane 706.0256 1.005 0.56415 282.5 0.0010466 415.02 
2,3,4,5,5,6,7,8,9-nonamethylundecane 724.3898 1.07 0.69093 282.5 0.0011029 415.02 
2,2,3,5-tetramethylhexadecane 728.2302 1.0502 0.71893 282.5 0.0011053 415.02 
2,13,15-trimethylheptadecane 754.1791 1.0608 0.69239 282.5 0.0011068 415.02 
2,2,16-trimethylheptadecane 726.4283 1.0516 0.71893 282.5 0.0011015 415.02 
3,10,13-trimethylheptadecane 721.615 1.0555 0.71893 282.5 0.0011015 415.02 
5,10,11-trimethylheptadecane 725.9786 1.0877 0.66798 282.5 0.0011029 415.02 
2,4,7,10,11,11-hexamethyltetradecane 702.2997 1.061 0.66622 282.5 0.0010968 415.02 
2,4,6,8,11-pentamethylpentadecane 732.4112 1.0825 0.58881 282.5 0.0009884 415.02 
2,2,5,5,9,10,12-heptamethyltridecane 687.2073 1.0203 0.65872 282.5 0.0010466 415.02 
4,5,6,7,8,9-hexamethyltetradecane 695.1789 1.013 0.57064 282.5 0.0010904 415.02 
3,7,7-triethyl-3,4,9-trimethyl-undecane 718.0537 1.1035 0.54921 282.5 0.00098235 415.02 
2,2,4,4,5,6,8,10,10-nonamethylundecane 717.0058 1.0505 0.71893 282.5 0.0011053 415.02 
3,12,14-trimethylheptadecane 722.1211 1.0774 0.66798 282.5 0.0010567 415.02 
2,2,6,10,14-pentamethylpentadecane 722.6462 1.0729 0.66622 282.5 0.0010651 415.02 
3,3,9,12,12-pentamethylpentadecane 727.1318 1.0374 0.65483 282.5 0.00099006 415.02 
2,5,8,11,14-pentamethylpentadecane 698.3656 1.0494 0.64672 282.5 0.0010589 415.02 
3,5,6,8,10,12-hexamethyltetradecane 708.2418 1.0941 0.69255 282.5 0.0011055 415.02 
2,6,10,10-tetramethylhexadecane 724.8379 1.0852 0.69255 282.5 0.0011055 415.02 
2,2,6,6-tetramethylhexadecane 727.6066 1.0757 0.66957 282.5 0.0010529 415.02 
2,2,3,6,7,7,8,11-octamethyldodecane 739.0502 1.069 0.70997 282.5 0.0011029 415.02 
2,2,4,5,9,13-hexamethyltetradecane 737.1534 1.0717 0.60406 282.5 0.00098783 415.02 
2,9,16-trimethylheptadecane 711.0378 1.0627 0.69093 282.5 0.0011015 415.02 
2,5,5,10,10,13-hexamethyltetradecane 742.3124 1.055 0.69239 282.5 0.0011053 415.02 
3,7,10,14-tetramethylhexadecane 722.8374 1.0709 0.6917 282.5 0.0011053 415.02 
2,2,15-trimethylheptadecane 727.684 1.064 0.69093 282.5 0.0011029 415.02 
4,4,13,13-tetramethylhexadecane 730.7231 1.0595 0.70997 282.5 0.0011029 415.02 
2,5,10,14-tetramethylhexadecane 718.9607 1.1164 0.57155 282.5 0.0010904 415.02 
2,11,14-trimethylheptadecane 727.7548 1.0633 0.71726 282.5 0.0011015 415.02 
cyclohexane 553.54 4.075 0.212 84.161 0.000308 123.12 
1,trans-2-dimethylcyclobutane 513.5 3.577 0.231 84.161 0.00032 123.12 
1,1-dimethylcyclobutane 514.04 3.936 0.218 84.161 0.000319 123.12 
1,cis-2-dimethylcyclobutane 525.83 3.577 0.231 84.161 0.00032 123.12 
1,cis-3-dimethylcyclobutane 514.27 3.577 0.231 84.161 0.00032 123.12 
1,trans-3-dimethylcyclobutane 509.64 3.577 0.231 84.161 0.00032 123.12 
ethylcyclobutane 528.1 3.723 0.256 84.161 0.000321 123.12 
isopropylcyclopropane 506.65 3.56 0.259 84.161 0.000338 123.12 
1-methyl-1-ethylcyclopropane 507.94 3.718 0.248 84.161 0.000317 123.12 
1-methyl-cis-2-ethylcyclopropane 518.53 3.472 0.26 84.161 0.000328 123.12 
methylcyclopentane 532.79 3.785 0.23 84.161 0.000319 123.12 
1-methyl-trans-2-ethylcyclopropane 505.8 3.472 0.26 84.161 0.000328 123.12 
propylcyclopropane 520.15 3.612 0.286 84.161 0.000329 123.12 
1,1,2-trimethylcyclopropane 504.34 3.664 0.213 84.161 0.000326 123.12 
1,cis-2,cis-3-trimethylcyclopropane 520.06 3.556 0.213 84.161 0.000321 123.12 
1,cis-2,trans-3-trimethylcyclopropane 510.4 3.522 0.214 84.161 0.000321 123.12 
cycloheptane 604.3 3.84 0.243 98.188 0.000359 143.64 
cis-1,2-dimethylcyclopentane 565.15 3.445 0.266 98.188 0.00037 143.64 
cis-1,3-dimethylcyclopentane 551 3.445 0.274 98.188 0.00036 143.64 
trans-1,3-dimethylcyclopentane 553 3.445 0.27 98.188 0.00036 143.64 
trans-1,2-dimethylcyclopentane 553.15 3.445 0.27 98.188 0.00036 143.64 
1,1-dimethylcyclopentane 547 3.445 0.272 98.188 0.00036 143.64 
ethylcyclopentane 569.52 3.398 0.272 98.188 0.000375 143.64 
methylcyclohexane 572.19 3.471 0.235 98.188 0.000368 143.64 
cyclooctane 647.2 3.55 0.236 112.215 0.00041 164.16 
cis-1,4-dimethylcyclohexane 598.15 2.938 0.231 112.215 0.00046 164.16 
1,1-dimethylcyclohexane 591.15 2.938 0.233 112.215 0.00045 164.16 
cis-1,2-dimethylcyclohexane 606.15 2.938 0.232 112.215 0.00046 164.16 
trans-1,2-dimethylcyclohexane 596.15 2.938 0.238 112.215 0.00046 164.16 
trans-1,3-dimethylcyclohexane 598 2.938 0.234 112.215 0.00046 164.16 
trans-1,4-dimethylcyclohexane 590.15 2.938 0.237 112.215 0.00045 164.16 
cis-1,3-dimethylcyclohexane 591.15 2.938 0.237 112.215 0.00045 164.16 
ethylcyclohexane 609.15 3.04 0.246 112.215 0.00045 164.16 
isopropylcyclopentane 596.4 3.026 0.289 112.215 0.000434 164.16 
1-methyl-1-ethylcyclopentane 582 3.02 0.33 112.215 0.000428 164.16 
1-methyl-cis-2-ethylcyclopentane 597.34 2.957 0.29 112.215 0.000424 164.16 
1-methyl-cis-3-ethylcyclopentane 586.99 2.957 0.29 112.215 0.000424 164.16 
1-methyl-trans-2-ethylcyclopentane 587.14 2.957 0.29 112.215 0.000424 164.16 
1-methyl-trans-3-ethylcyclopentane 586.99 2.957 0.29 112.215 0.000424 164.16 
propylcyclopentane 603 3 0.272 112.215 0.000425 164.16 
1,cis-2,trans-4-trimethylcyclopentane 582.21 2.854 0.263 112.215 0.000422 164.16 
1,trans-2,cis-3-trimethylcyclopentane 572.46 2.854 0.275 112.215 0.000422 164.16 
1,1,3-trimethylcyclopentane 571.3 3.107 0.211 112.215 0.000421 164.16 
1,cis-2,trans-3-trimethylcyclopentane 583.36 2.854 0.273 112.215 0.000425 164.16 
1,1,2-trimethylcyclopentane 584.65 3.107 0.252 112.215 0.000421 164.16 
1,trans-2,cis-4-trimethylcyclopentane 571.1 2.825 0.268 112.215 0.000424 164.16 
1,cis-2,cis-3-trimethylcyclopentane 591.57 2.854 0.272 112.215 0.000422 164.16 
1,cis-2,cis-4-trimethylcyclopentane 582.61 2.834 0.267 112.215 0.000423 164.16 
cyclononane 682 3.344 0.281 126.242 0.000457 184.68 
tert-butylcyclopentane 622.56 2.82 0.271 126.242 0.00047 184.68 
butylcyclopentane 625.05 2.764 0.354 126.242 0.000481 184.68 
sec-butylcyclopentane 626.59 2.788 0.33 126.242 0.000475 184.68 
1,cis-2-diethylcyclopentane 622.31 2.671 0.334 126.242 0.00048 184.68 
1,1-diethylcyclopentane 624.67 2.9 0.321 126.242 0.000479 184.68 
1,trans-3-diethylcyclopentane 617.12 2.671 0.334 126.242 0.00048 184.68 
1,trans-2-diethylcyclopentane 613.51 2.671 0.334 126.242 0.00048 184.68 
1,cis-3-diethylcyclopentane 617.12 2.671 0.334 126.242 0.00048 184.68 
1,cis-3-dimethyl-1-ethylcyclopentane 605.02 2.799 0.296 126.242 0.000478 184.68 
1,trans-3-dimethyl-1-ethylcyclopentane 605.02 2.799 0.296 126.242 0.000478 184.68 
1,cis-2-dimethyl-1-ethylcyclopentane 616.85 2.799 0.296 126.242 0.000478 184.68 
1,trans-2-dimethyl-1-ethylcyclopentane 616.85 2.799 0.296 126.242 0.000478 184.68 
1,1-dimethyl-2-ethylcyclopentane 607.98 2.799 0.296 126.242 0.000478 184.68 
1,1-dimethyl-3-ethylcyclopentane 602.06 2.799 0.296 126.242 0.000478 184.68 
1,trans-3-dimethyl-cis-2-ethylcyclopentane 610.05 2.582 0.309 126.242 0.000479 184.68 
1,cis-3-dimethyl-cis-2-ethylcyclopentane 621.75 2.582 0.309 126.242 0.000479 184.68 
1,cis-2-dimethyl-cis-3-ethylcyclopentane 621.75 2.582 0.309 126.242 0.000479 184.68 
1,trans-2-dimethyl-cis-3-ethylcyclopentane 601.27 2.582 0.309 126.242 0.000479 184.68 
1,cis-2-dimethyl-cis-4-ethylcyclopentane 614.43 2.582 0.309 126.242 0.000479 184.68 
1,trans-3-dimethyl-cis-4-ethylcyclopentane 678.78 2.582 0.309 126.242 0.000479 184.68 
1,cis-3-dimethyl-cis-4-ethylcyclopentane 611.51 2.582 0.309 126.242 0.000479 184.68 
1,trans-2-dimethyl-cis-4-ethylcyclopentane 604.2 2.582 0.309 126.242 0.000479 184.68 
1,cis-3-dimethyl-trans-2-ethylcyclopentane 599.81 2.582 0.309 126.242 0.000479 184.68 
1,trans-2-dimethyl-trans-3-ethylcyclopentane 611.51 2.582 0.309 126.242 0.000479 184.68 
1,cis-2-dimethyl-trans-3-ethylcyclopentane 611.51 2.582 0.309 126.242 0.000479 184.68 
1,cis-2-dimethyl-trans-4-ethylcyclopentane 614.43 2.582 0.309 126.242 0.000479 184.68 
1,cis-3-dimethyl-trans-4-ethylcyclopentane 599.81 2.582 0.309 126.242 0.000479 184.68 
1,trans-3-dimethyl-trans-4-ethylcyclopentane 611.51 2.582 0.309 126.242 0.000479 184.68 
isobutylcyclopentane 617.21 2.788 0.33 126.242 0.000475 184.68 
isopropylcyclohexane 627 2.85 0.33 126.242 0.000464 184.68 
1-methyl-1-ethylcyclohexane 633.38 2.98 0.292 126.242 0.000471 184.68 
1-methyl-1-isopropylcyclopentane 626.05 2.925 0.292 126.242 0.000473 184.68 
1-methyl-1-propylcyclopentane 618.03 2.9 0.321 126.242 0.000479 184.68 
1-methyl-cis-2-ethylcyclohexane 632.03 2.741 0.305 126.242 0.000472 184.68 
1-methyl-cis-2-isopropylcyclopentane 619.02 2.693 0.305 126.242 0.000474 184.68 
1-methyl-cis-2-propylcyclopentane 620.88 2.671 0.334 126.242 0.00048 184.68 
1-methyl-cis-3-ethylcyclohexane 620.1 2.741 0.305 126.242 0.000472 184.68 
1-methyl-cis-3-isopropylcyclopentane 610.2 2.693 0.305 126.242 0.000474 184.68 
1-methyl-cis-3-propylcyclopentane 614.2 2.671 0.334 126.242 0.00048 184.68 
1-methyl-cis-4-ethylcyclohexane 624.52 2.741 0.305 126.242 0.000472 184.68 
1-methyl-trans-2-ethylcyclohexane 625.55 2.741 0.305 126.242 0.000472 184.68 
1-methyl-trans-2-isopropylcyclopentane 608.73 2.693 0.305 126.242 0.000474 184.68 
1-methyl-trans-2-propylcyclopentane 611.82 2.671 0.334 126.242 0.00048 184.68 
1-methyl-trans-3-ethylcyclohexane 624.52 2.741 0.305 126.242 0.000472 184.68 
1-methyl-trans-3-isopropylcyclopentane 610.2 2.693 0.305 126.242 0.000474 184.68 
1-methyl-trans-3-propylcyclopentane 614.2 2.671 0.334 126.242 0.00048 184.68 
1-methyl-trans-4-ethylcyclohexane 620.1 2.741 0.305 126.242 0.000472 184.68 
propylcyclohexane 639.15 2.807 0.26 126.242 0.000477 184.68 
1,cis-2,cis-3,cis-4-tetramethylcyclopentane 613.22 2.498 0.284 126.242 0.000478 184.68 
1,cis-2,trans-3,trans-4-tetramethylcyclopentane 602.95 2.498 0.284 126.242 0.000478 184.68 
1,cis-2,trans-3,cis-4-tetramethylcyclopentane 592.68 2.498 0.284 126.242 0.000478 184.68 
1,cis-2,cis-3,trans-4-tetramethylcyclopentane 602.95 2.498 0.284 126.242 0.000478 184.68 
1,1,cis-3,cis-4-tetramethylcyclopentane 602.33 2.704 0.271 126.242 0.000477 184.68 
1,2,2,trans-3-tetramethylcyclopentane 609.74 2.704 0.271 126.242 0.000477 184.68 
1,1,cis-2,cis-4-tetramethylcyclopentane 597.88 2.704 0.271 126.242 0.000477 184.68 
1,1,3,3-tetramethylcyclopentane 586.82 2.938 0.258 126.242 0.000477 184.68 
1,1,cis-3,trans-4-tetramethylcyclopentane 585.42 2.704 0.271 126.242 0.000477 184.68 
1,2,2,cis-3-tetramethylcyclopentane 609.74 2.704 0.271 126.242 0.000477 184.68 
1,1,cis-2,trans-3-tetramethylcyclopentane 597.88 2.704 0.271 126.242 0.000477 184.68 
1,1,cis-2,cis-3-tetramethylcyclopentane 609.74 2.704 0.271 126.242 0.000477 184.68 
1,1,2,2-tetramethylcyclopentane 609.38 2.938 0.258 126.242 0.000476 184.68 
1,trans-2,trans-3,cis-4-tetramethylcyclopentane 592.68 2.498 0.284 126.242 0.000478 184.68 
1,trans-2,cis-3,trans-4-tetramethylcyclopentane 587.41 2.498 0.284 126.242 0.000478 184.68 
1,trans-2,trans-4-trimethylcyclohexane 611.86 2.649 0.28 126.242 0.000471 184.68 
1,cis-2,trans-4-trimethylcyclohexane 621.87 2.649 0.355 126.242 0.00047 184.68 
1,cis-2,cis-3-trimethylcyclohexane 629.26 2.649 0.291 126.242 0.00047 184.68 
cis,trans-1,3,5-trimethylcyclohexane 602.2 2.649 0.299 126.242 0.00047 184.68 
1,cis-3,cis-5-trimethylcyclohexane 607.71 2.649 0.355 126.242 0.00047 184.68 
1,trans-2,cis-4-trimethylcyclohexane 617.44 2.649 0.296 126.242 0.00047 184.68 
1,cis-3,trans-5-trimethylcyclohexane 611.86 2.649 0.333 126.242 0.00047 184.68 
1,1,3-trimethylcyclohexane 612.06 2.875 0.284 126.242 0.000469 184.68 
1,cis-2,trans-3-trimethylcyclohexane 626.3 2.649 0.292 126.242 0.00047 184.68 
1,1,4-trimethylcyclohexane 609.63 2.875 0.353 126.242 0.000469 184.68 
1,1,2-trimethylcyclohexane 624.87 2.875 0.36 126.242 0.000469 184.68 
1,cis-2,cis-4-trimethylcyclohexane 621.87 2.665 0.352 126.242 0.000473 184.68 
1,trans-2,cis-3-trimethylcyclohexane 615.97 2.649 0.294 126.242 0.00047 184.68 
cyclodecane 709 3.04 0.292 140.269 0.000506 205.2 
butylcyclohexane 667 2.57 0.274 140.269 0.000534 205.2 
pentylcyclopentane 647.49 2.505 0.398 140.269 0.000537 205.2 
cycloundecane 728.78 2.738 0.298 154.296 0.000546 225.72 
pentylcyclohexane 674.01 2.336 0.413 154.296 0.000585 225.72 
hexylcyclopentane 667.67 2.281 0.442 154.296 0.000593 225.72 
cyclododecane 747.23 2.546 0.313 168.323 0.000594 246.24 
heptylcyclopentane 679 1.94 0.515 168.323 0.000649 246.24 
hexylcyclohexane 691.81 2.133 0.456 168.323 0.000641 246.24 
cis-decahydronaphthalene 702.25 3.242 0.294 138.253 0.00048 200.58 
trans-decahydronaphthalene 687.05 2.837 0.254 138.253 0.00048 200.58 
1-methyl-cis-decahydronaphthalene 752.51 2.638 0.331 152.28 0.000533 221.1 
2-methyl-cis-decahydronaphthalene 713.14 2.638 0.331 152.28 0.000533 221.1 
4a-methyl-cis-decahydronaphthalene 711.69 2.638 0.331 152.28 0.000533 221.1 
1-methyl-trans-decahydronaphthalene 740.84 2.638 0.331 152.28 0.000533 221.1 
4a-methyl-trans-decahydronaphthalene 697.11 2.638 0.331 152.28 0.000533 221.1 
2-methyl-trans-decahydronaphthalene 701.48 2.638 0.331 152.28 0.000533 221.1 
bicyclohexyl 727 2.56 0.428 166.307 0.000598 241.62 
1,4a-dimethyl-trans-decahydronaphthalene 697.05 2.32 0.349 166.307 0.000588 241.62 
1-ethyl-cis-decahydronaphthalene 762.49 2.396 0.374 166.307 0.000589 241.62 
4a-ethyl-cis-decahydronaphthalene 723.87 2.396 0.374 166.307 0.000589 241.62 
2-ethyl-cis-decahydronaphthalene 726.73 2.396 0.374 166.307 0.000589 241.62 
1-ethyl-trans-decahydronaphthalene 755.34 2.396 0.374 166.307 0.000589 241.62 
2-ethyl-trans-decahydronaphthalene 716.72 2.396 0.374 166.307 0.000589 241.62 
dicyclohexylmethane 749.48 2.366 0.385 180.334 0.00063 262.14 
1,1-dicyclohexylethane 762.12 2.159 0.429 194.36 0.000686 282.66 
1,1-dicyclohexylpropane 766.86 1.979 0.471 208.387 0.000742 303.18 
benzene 562.16 4.898 0.211 78.114 0.000259 109.26 
toluene 591.79 4.109 0.264 92.141 0.000316 129.78 
ethylbenzene 617.17 3.609 0.304 106.167 0.000374 150.3 
m-xylene 617.05 3.541 0.325 106.167 0.000375 150.3 
o-xylene 630.37 3.732 0.31 106.167 0.00037 150.3 
p-xylene 616.26 3.511 0.32 106.167 0.000378 150.3 
cumene 631.15 3.209 0.338 120.194 0.000428 170.82 
p-ethyltoluene 640.15 2.938 0.324 120.194 0.00047 170.82 
m-ethyltoluene 637.15 2.837 0.322 120.194 0.00049 170.82 
o-ethyltoluene 651.15 3.04 0.293 120.194 0.00046 170.82 
mesitylene 637.36 3.127 0.398 120.194 0.000433 170.82 
propylbenzene 638.38 3.2 0.346 120.194 0.00044 170.82 
1,2,3-trimethylbenzene 664.53 3.454 0.366 120.194 0.000431 170.82 
1,2,4-trimethylbenzene 649.13 3.232 0.376 120.194 0.000435 170.82 
tert-butylbenzene 660 2.97 0.266 134.221 0.000492 191.34 
sec-butylbenzene 664.54 2.951 0.276 134.221 0.000497 191.34 
butylbenzene 660.55 2.887 0.392 134.221 0.000497 191.34 
m-cymene 657 2.93 0.341 134.221 0.000485 191.34 
p-cymene 653.15 2.837 0.372 134.221 0.000492 191.34 
o-cymene 662 2.93 0.337 134.221 0.000489 191.34 
m-diethylbenzene 663 2.88 0.35 134.221 0.000488 191.34 
o-diethylbenzene 668 2.88 0.34 134.221 0.000502 191.34 
p-diethylbenzene 657.96 2.803 0.404 134.221 0.000497 191.34 
5-ethyl-m-xylene 655 2.75 0.417 134.221 0.000482 191.34 
4-ethyl-m-xylene 665 2.88 0.414 134.221 0.000482 191.34 
2-ethyl-m-xylene 671 3.02 0.407 134.221 0.000482 191.34 
4-ethyl-o-xylene 667 2.88 0.411 134.221 0.00049 191.34 
3-ethyl-o-xylene 680 2.88 0.362 134.221 0.000507 191.34 
2-ethyl-p-xylene 663 2.88 0.411 134.221 0.000482 191.34 
isobutylbenzene 650.15 3.04 0.381 134.221 0.000456 191.34 
1-methyl-2-propylbenzene 660.7 2.86 0.411 134.221 0.000482 191.34 
1-methyl-3-propylbenzene 656.4 2.86 0.412 134.221 0.000482 191.34 
1-methyl-4-propylbenzene 658.5 2.86 0.381 134.221 0.000482 191.34 
1,2,3,5-tetramethylbenzene 679 2.97 0.424 134.221 0.000482 191.34 
1,2,4,5-tetramethylbenzene 675.15 2.938 0.435 134.221 0.000482 191.34 
1,2,3,4-tetramethylbenzene 695.1 2.84 0.368 134.221 0.000488 191.34 
naphthalene 748.35 4.051 0.302 128.174 0.000413 177.48 
2-methylnaphthalene 761 3.25 0.346 142.2 0.000507 198 
1-methylnaphthalene 772.04 3.66 0.348 142.2 0.000523 198 
1,5-dimethylnaphthalene 773.47 3.006 0.443 156.227 0.000522 218.52 
2,7-dimethylnaphthalene 778 3.17 0.42 156.227 0.00052 218.52 
2,6-dimethylnaphthalene 777 3.17 0.418 156.227 0.00052 218.52 
2,3-dimethylnaphthalene 777.78 3.006 0.443 156.227 0.000522 218.52 
1,8-dimethylnaphthalene 792 3.1 0.395 156.227 0.000517 218.52 
1,6-dimethylnaphthalene 770.6 3.006 0.443 156.227 0.000522 218.52 
1,4-dimethylnaphthalene 776.78 3.006 0.443 156.227 0.000522 218.52 
1,3-dimethylnaphthalene 773.76 3.006 0.443 156.227 0.000522 218.52 
1,7-dimethylnaphthalene 770.6 3.006 0.443 156.227 0.000522 218.52 
1,2-dimethylnaphthalene 775.34 3.006 0.443 156.227 0.000522 218.52 
2-ethylnaphthalene 774.9 3.14 0.392 156.227 0.000522 218.52 
1-ethylnaphthalene 776 3 0.363 156.227 0.00052 218.52 
1-isopropylnaphthalene 769.66 2.779 0.463 170.254 0.000572 239.04 
2-isopropylnaphthalene 770.24 2.779 0.463 170.254 0.000572 239.04 
2-methyl-1-ethylnaphthalene 770.78 2.713 0.493 170.254 0.000578 239.04 
1-methyl-2-ethylnaphthalene 775.02 2.713 0.493 170.254 0.000578 239.04 
2-methyl-3-ethylnaphthalene 776.44 2.713 0.488 170.254 0.000578 239.04 
1-methyl-3-ethylnaphthalene 770.78 2.713 0.493 170.254 0.000578 239.04 
1-methyl-4-ethylnaphthalene 772.19 2.713 0.493 170.254 0.000578 239.04 
2-methyl-4-ethylnaphthalene 772.19 2.713 0.493 170.254 0.000578 239.04 
1-methyl-5-ethylnaphthalene 766.55 2.713 0.493 170.254 0.000578 239.04 
2-methyl-5-ethylnaphthalene 766.55 2.713 0.493 170.254 0.000578 239.04 
2-methyl-6-ethylnaphthalene 766.56 2.713 0.488 170.254 0.000578 239.04 
1-methyl-6-ethylnaphthalene 770.78 2.713 0.493 170.254 0.000578 239.04 
1-methyl-7-ethylnaphthalene 767.96 2.713 0.493 170.254 0.000578 239.04 
2-methyl-7-ethylnaphthalene 766.56 2.713 0.488 170.254 0.000578 239.04 
2-methyl-8-ethylnaphthalene 766.55 2.713 0.493 170.254 0.000578 239.04 
1-methyl-8-ethylnaphthalene 773.61 2.713 0.493 170.254 0.000578 239.04 
2-propylnaphthalene 772.44 2.756 0.488 170.254 0.000578 239.04 
1-propylnaphthalene 771.45 2.756 0.488 170.254 0.000578 239.04 
1,2,6-trimethylnaphthalene 779.72 2.671 0.486 170.254 0.000578 239.04 
1,4,6-trimethylnaphthalene 776.9 2.671 0.495 170.254 0.000578 239.04 
1,2,3-trimethylnaphthalene 783.95 2.671 0.487 170.254 0.000578 239.04 
2,3,6-trimethylnaphthalene 775.49 2.671 0.487 170.254 0.000578 239.04 
1,2,4-trimethylnaphthalene 782.54 2.671 0.495 170.254 0.000578 239.04 
1,2,5-trimethylnaphthalene 779.72 2.671 0.49 170.254 0.000578 239.04 
1,6,7-trimethylnaphthalene 779.72 2.671 0.492 170.254 0.000578 239.04 
1,2,7-trimethylnaphthalene 776.9 2.671 0.488 170.254 0.000578 239.04 
1,2,8-trimethylnaphthalene 786.77 2.691 0.482 170.254 0.000573 239.04 
1,3,5-trimethylnaphthalene 786.07 2.625 0.495 170.254 0.000584 239.04 
1,3,6-trimethylnaphthalene 779.72 2.671 0.488 170.254 0.000578 239.04 
1,3,8-trimethylnaphthalene 786.77 2.671 0.487 170.254 0.000578 239.04 
1,4,5-trimethylnaphthalene 786.77 2.671 0.492 170.254 0.000578 239.04 
1,3,7-trimethylnaphthalene 779.72 2.671 0.491 170.254 0.000578 239.04 
1-butylnaphthalene 792 2.68 0.495 184.281 0.000631 259.56 
2-butylnaphthalene 780.96 2.498 0.533 184.281 0.000634 259.56 
1,7-diethylnaphthalene 812.35 2.46 0.537 184.281 0.000634 259.56 
2,3-diethylnaphthalene 812.35 2.46 0.537 184.281 0.000634 259.56 
1,4-diethylnaphthalene 812.35 2.46 0.537 184.281 0.000634 259.56 
1,2-diethylnaphthalene 812.35 2.46 0.537 184.281 0.000634 259.56 
1,6-diethylnaphthalene 812.35 2.46 0.537 184.281 0.000634 259.56 
4,6-dimethyl-1-ethylnaphthalene 811.44 2.424 0.536 184.281 0.000634 259.56 
2,4-dimethyl-1-ethylnaphthalene 811.44 2.424 0.536 184.281 0.000634 259.56 
2,5-dimethyl-3-ethylnaphthalene 811.44 2.424 0.536 184.281 0.000634 259.56 
1,2-dimethyl-4-ethylnaphthalene 811.44 2.424 0.536 184.281 0.000634 259.56 
1,3-dimethyl-5-ethylnaphthalene 811.44 2.424 0.536 184.281 0.000634 259.56 
1,4-dimethyl-5-ethylnaphthalene 811.44 2.424 0.536 184.281 0.000634 259.56 
1,3-dimethyl-6-ethylnaphthalene 811.44 2.424 0.536 184.281 0.000634 259.56 
1,4-dimethyl-6-ethylnaphthalene 811.44 2.424 0.536 184.281 0.000634 259.56 
1,2-dimethyl-7-ethylnaphthalene 811.44 2.424 0.536 184.281 0.000634 259.56 
2-isobutylnaphthalene 818.49 2.518 0.508 184.281 0.000628 259.56 
1-isobutylnaphthalene 772.68 2.518 0.508 184.281 0.000628 259.56 
2-methyl-1-isopropylnaphthalene 817.54 2.48 0.507 184.281 0.000628 259.56 
2-methyl-1-propylnaphthalene 812.35 2.46 0.537 184.281 0.000634 259.56 
3-methyl-2-isopropylnaphthalene 817.54 2.48 0.507 184.281 0.000628 259.56 
3-methyl-2-propylnaphthalene 812.35 2.46 0.537 184.281 0.000634 259.56 
1-methyl-2-propylnaphthalene 812.35 2.46 0.537 184.281 0.000634 259.56 
1-methyl-3-isopropylnaphthalene 817.54 2.48 0.507 184.281 0.000628 259.56 
1-methyl-4-isopropylnaphthalene 817.54 2.48 0.507 184.281 0.000628 259.56 
1-methyl-6-isopropylnaphthalene 817.54 2.48 0.507 184.281 0.000628 259.56 
1-methyl-7-isopropylnaphthalene 773.88 2.48 0.507 184.281 0.000628 259.56 
2-methyl-8-isopropylnaphthalene 775.28 2.48 0.507 184.281 0.000628 259.56 
2-sec-butylnaphthalene 818.49 2.518 0.508 184.281 0.000628 259.56 
1-sec-butylnaphthalene 818.49 2.518 0.508 184.281 0.000628 259.56 
2-tert-butylnaphthalene 783.88 2.546 0.445 184.281 0.000623 259.56 
1-tert-butylnaphthalene 781.33 2.546 0.445 184.281 0.000623 259.56 
1,3,5,8-tetramethylnaphthalene 810.54 2.389 0.535 184.281 0.000634 259.56 
1,2,4,6-tetramethylnaphthalene 810.54 2.389 0.535 184.281 0.000634 259.56 
1,2,3,6-tetramethylnaphthalene 810.54 2.389 0.535 184.281 0.000634 259.56 
1,4,5,8-tetramethylnaphthalene 810.54 2.389 0.535 184.281 0.000634 259.56 
1,2,3,4-tetramethylnaphthalene 810.54 2.389 0.535 184.281 0.000634 259.56 
1,2,5,8-tetramethylnaphthalene 810.54 2.389 0.535 184.281 0.000634 259.56 
1,2,4,7-tetramethylnaphthalene 810.54 2.389 0.535 184.281 0.000634 259.56 
1,2,5,6-tetramethylnaphthalene 810.54 2.389 0.535 184.281 0.000634 259.56 
1,4,6,7-tetramethylnaphthalene 810.54 2.389 0.535 184.281 0.000634 259.56 
1,2,6,8-tetramethylnaphthalene 810.54 2.389 0.535 184.281 0.000634 259.56 
1,2,4,8-tetramethylnaphthalene 810.54 2.389 0.535 184.281 0.000634 259.56 
1,3,6,7-tetramethylnaphthalene 810.54 2.389 0.535 184.281 0.000634 259.56 
2,3,6,7-tetramethylnaphthalene 810.54 2.389 0.535 184.281 0.000634 259.56 
2-pentylnaphthalene 797.48 2.274 0.575 198.308 0.00069 280.08 
1-pentylnaphthalene 793.32 2.274 0.575 198.308 0.00069 280.08 
indane 684.9 3.95 0.309 118.178 0.000381 166.2 
1,2,3,4-tetrahydronaphthalene 720.15 3.62 0.328 132.205 0.000441 186.72 
1-methyl-[1,2,3,4-tetrahydronaphthalene] 722.13 3.076 0.379 146.232 0.000493 207.24 
2-methyl-[1,2,3,4-tetrahydronaphthalene] 721.27 3.076 0.379 146.232 0.000493 207.24 
1-ethyl-[1,2,3,4-tetrahydronaphthalene] 735.44 2.773 0.424 160.259 0.000549 227.76 
2-ethyl-[1,2,3,4-tetrahydronaphthalene] 739.79 2.773 0.424 160.259 0.000549 227.76 
2-propyl-[1,2,3,4-tetrahydronaphthalene] 752.45 2.513 0.468 174.286 0.000605 248.28 
1-propyl-[1,2,3,4-tetrahydronaphthalene] 745.97 2.513 0.468 174.286 0.000605 248.28 
2-butyl-[1,2,3,4-tetrahydronaphthalene] 764.18 2.287 0.511 188.313 0.000661 268.8 
1-butyl-[1,2,3,4-tetrahydronaphthalene] 756.75 2.287 0.511 188.313 0.000661 268.8 
1-pentyl-[1,2,3,4-tetrahydronaphthalene] 767.6 2.091 0.554 202.34 0.000717 289.32 
2-pentyl-[1,2,3,4-tetrahydronaphthalene] 774.92 2.091 0.554 202.34 0.000717 289.32 
